18.7541249	57.27706408
22.44823982	68.02003276
21.93053323	77.24227771
18.17337525	55.93416548
21.36642202	72.0650249
15.36627881	56.85798586
22.79373656	78.30819305
19.16260236	61.04454624
18.05699934	62.65834366
19.7324253	62.31034438
20.65556178	70.49547425
19.84510564	63.62492178
23.90776438	80.30324372
23.26166536	72.55545373
18.65658433	57.45610909
25.99574767	85.30021639
19.72004382	67.44876634
19.85964695	59.68110178
20.02866154	61.31559532
23.57576097	74.14949645
21.24120743	67.16149124
17.8655104	56.74369067
14.29978314	48.60061986
22.51785648	70.71674259
20.03974526	66.20239737
17.93411195	60.32393363
21.34433043	69.42094339
16.43259564	54.76646176
15.97654719	57.0769844
23.01160738	72.51526821
22.21065613	65.27151969
20.95688909	64.37934941
16.87211925	51.75799509
23.66016084	78.04741866
21.99994714	70.48843606
18.04515953	61.5178829
21.34950123	67.05706011
20.94560521	62.96766664
16.92083158	56.98491057
21.79804469	74.70897419
20.87380747	62.00221449
23.83343847	78.3931697
17.92778709	49.58850818
18.93822372	65.01102332
21.97416644	68.1195797
22.90085722	69.22441985
21.30520738	71.61870976
20.24114736	61.14068927
22.82698794	69.12577835
20.24950168	62.33940552
19.19806753	63.46310931
19.94986118	60.04435902
22.65508648	70.06790519
23.75248633	75.99705638
18.44565994	64.36351511
16.90254186	52.52994184
19.1769939	56.6571241
23.89897235	84.47434816
18.93122375	59.49815358
16.23526507	49.07645026
18.7214265	57.67203071
17.18202857	50.68925762
19.68790056	62.18684668
20.40191859	62.59976081
17.91872794	55.29093126
23.20126152	76.54449887
17.20513069	52.2750224
20.12241699	60.82814887
22.7353623	68.65361598
19.5037802	61.32756331
16.21682738	49.93874009
22.0101678	73.67976605
20.90042992	69.97873082
18.62925207	55.63226056
23.01376337	74.79212396
24.83293409	80.80356216
22.6080153	69.52884025
22.32486091	71.48723518
16.09883428	47.27580064
18.05845854	59.74104668
14.87079286	51.29174065
21.74858961	74.04715675
18.97016379	58.14045672
20.46513322	64.02987698
19.23010058	57.78188716
19.92868	56.00945296
20.04768353	65.69134794
26.83552062	83.28383367
22.64557501	71.1794177
19.7510939	60.48610022
22.39974326	74.39271307
19.24947453	55.87391543
18.37291899	57.78750028
22.79884928	73.99390896
22.30226105	69.00188279
22.78146292	72.21782626
18.66361449	61.2616949
15.96923136	54.09768813
18.99280673	59.23577734
27.18737647	77.90759972
22.9224836	74.06879986
21.51677903	70.51504115
18.0397446	57.36903134
22.16332663	73.93198056
22.33897923	71.61779073
17.43380102	53.98637467
19.41977593	62.6014469
18.87039365	56.62310642
16.92192225	57.54705638
19.46179276	66.02941013
19.65191047	57.68913692
16.52456316	51.28979297
22.30499918	73.24489852
13.72435371	49.48572995
18.81483743	60.92479647
22.22911339	74.61624648
22.36531986	71.64994113
21.93919895	70.89501118
16.94873592	52.93780032
17.88078808	56.09496897
23.27479622	71.88340391
18.72967324	59.6973473
21.06542906	66.45718917
20.00850003	62.76293726
20.91838966	70.39269175
16.86091859	56.11713886
14.32272011	43.9336255
20.56352378	69.99312143
20.92252407	68.34395444
23.92683567	80.32364106
20.81598914	66.85854867
16.89298595	59.39421028
25.30994212	80.39570368
15.49752752	51.58569337
19.3930862	59.61250703
21.31805684	67.68755006
20.57430378	65.97120518
21.5751735	67.73375793
15.69900668	52.20184309
18.80929682	62.06007745
22.73929961	69.22720482
26.75410287	82.83971251
25.1659109	78.92686318
22.13139531	70.09221868
16.06338783	57.20476298
17.4241604	59.39092485
20.08881572	66.5215445
22.55309761	75.69954037
16.43931434	53.88911062
20.33215983	65.73663343
19.18689634	60.37623104
21.98201793	68.94690318
22.35766437	69.26833072
21.3271749	68.47789125
22.5146683	67.9184007
16.21987977	51.38261581
19.34829297	63.07650861
17.23306401	56.41357961
25.18017098	76.56606716
20.57166383	66.22609229
19.57244814	61.58854268
18.08697379	59.06772506
20.13939581	64.78112723
24.16220975	75.11059792
15.7137451	46.2371647
16.85621272	50.74444895
21.35649446	71.90404617
20.62300893	66.78527232
17.12240945	56.96625378
19.87383788	60.65754136
18.05116289	60.47151885
21.38989897	70.9399328
16.21765244	54.16299233
20.30789084	66.54277624
19.03435442	55.32230274
18.71314981	58.00458346
21.09576569	68.57062315
25.74806001	86.62696446
16.75329863	52.89037412
21.64265497	68.12358623
17.95585455	63.49338417
13.72534496	41.72022239
24.05013138	79.41088101
24.89185843	79.82841581
18.08493258	55.38704958
22.0879182	69.42892322
18.68244974	53.58477713
23.76407996	74.78615497
18.25385343	57.05294125
20.30353138	63.82915116
17.48745254	58.85827617
23.0674972	76.52401424
20.865379	71.1942474
15.59268934	49.69526867
19.27533415	63.74364444
23.65562012	77.26937716
22.29051362	69.26934306
20.10936538	57.45316169
20.6646153	63.16849696
20.49116688	63.82353846
18.24657947	56.71112257
23.13012746	78.32168651
18.78088804	59.70863708
19.48338765	67.34065979
16.89454943	56.44649802
20.8272823	66.60275577
14.07657359	49.2961358
18.58607431	60.67935831
20.41039175	61.7186935
23.89446291	75.2068601
23.06476965	77.04382001
23.0967299	72.67534033
23.15615686	77.45432186
22.4524305	65.56426054
19.08779502	57.63827374
15.27965791	52.76800281
19.01512816	59.95282084
18.97934379	63.00639129
21.06531259	64.31487737
17.07029933	56.16416949
20.20508089	64.99749043
19.16835595	64.91548798
17.8784343	56.49997872
20.47190272	71.08037919
17.57424165	56.00226161
19.16922814	62.20566428
16.73174031	54.96148476
21.23930789	65.12081899
18.17590176	64.35075601
25.10288275	81.83462759
14.94115877	46.21697429
20.28795801	63.25017182
17.11905361	52.25902449
18.58563119	61.1183027
21.57390605	69.46879829
25.11550443	79.8023937
16.58499971	53.21821098
22.17286309	70.95534614
22.85223684	75.64956991
17.85901724	54.46351758
19.33423159	65.33944155
19.75084301	60.8704858
19.25975671	62.3179706
20.07907548	64.26234248
24.28275153	77.85500377
16.25927098	52.10941771
22.39123591	70.32934772
17.84658316	57.29224918
22.83938463	72.2519011
19.70300873	69.66467472
19.68445072	60.46799505
21.74851066	66.41698112
18.70379148	61.00961541
20.74332375	62.03033622
16.81359575	55.43777053
20.32246805	62.25115287
18.80547581	59.83184903
18.67285923	58.42282835
19.47588203	59.08374325
22.77488117	72.16874247
12.58375552	43.25540237
16.10370712	49.7371311
24.84632601	77.59669075
19.18062356	62.96248879
18.84994116	55.19643749
21.02323771	70.05519087
20.20085064	62.36402103
17.99844328	53.47064355
14.90755226	50.18525352
22.76495258	73.39825712
18.67449689	62.58513975
24.18171677	78.34728723
18.67904719	59.95686262
15.83706369	48.62832196
20.62475301	68.30416054
21.07497754	63.32553658
20.25580647	70.81996745
19.75648271	65.4130299
18.28224486	58.02505833
19.16489258	60.34844064
16.39983062	55.03779754
19.77012411	60.85390121
25.54515936	82.30062539
15.1816932	50.6221424
21.83480956	70.98287628
18.87503445	63.07905842
19.68726032	62.22206725
16.56921571	57.83829232
15.80397351	52.75208
20.55709784	66.42877617
21.45667142	69.66524533
19.54114329	60.26323991
20.66544085	67.08883116
17.99123005	54.79663967
25.31788218	78.97651347
15.41913263	48.98567304
20.77896446	70.76244183
22.9947835	73.55433019
22.25472516	70.21206293
22.03746048	68.43772558
16.7007037	48.43813969
18.06588566	51.46307564
18.61048465	58.86262228
16.44924084	54.09543136
20.86221353	60.10914406
15.75392021	48.24092078
18.01253204	63.90935599
18.46191947	60.54022765
24.36389115	75.3707672
21.18216126	68.7197433
21.55381777	68.51010004
19.58708679	64.37615724
18.20034453	54.85132287
20.81431178	65.17382071
17.07902106	51.24389489
23.46711651	75.51134833
24.85654629	78.77074666
15.27335087	45.30279775
20.53393204	64.11926551
20.52676764	66.03159937
21.16864903	68.26241578
23.52646686	71.43161927
19.1638642	55.43107925
13.67191615	48.52209912
20.01863398	60.00949401
22.51468175	71.0837166
16.51896534	53.77827533
23.33183704	74.21277608
14.67022125	47.32001523
22.06739191	69.30246103
21.28366436	61.66300837
23.16621513	74.11119626
23.71344651	76.01904799
21.39851602	72.80668303
19.36556063	58.07848946
16.89624019	57.62733702
16.79295239	59.30748271
20.86755349	63.96507216
12.77711696	43.6798859
16.67784913	57.78409422
18.87681544	60.54505175
17.11904749	55.18541083
19.20424229	64.56104695
21.15404794	65.53019426
19.40854943	65.21256382
17.96324998	56.36904286
17.84302844	55.10704057
17.29010263	55.78599231
22.14115167	68.79020527
20.21871452	64.27209098
12.25335848	40.63088875
12.78356589	45.68130769
18.67521979	55.99530811
24.20827646	78.91809929
16.83962924	52.63422277
19.26899322	64.61175924
21.13551764	66.79333819
16.16669659	50.60060553
19.44593081	68.86809685
20.63382113	73.67964468
19.56622389	64.22276611
15.73734143	51.8256882
21.43150182	68.27941957
19.37824541	59.72035779
21.53068519	71.04136448
18.15110703	61.67910017
22.33314707	69.74601876
19.58251751	60.78260833
19.52741175	61.04071691
22.97406932	68.0760905
20.94869734	68.08499215
15.44316218	47.55140883
20.08527313	64.5380762
22.94327077	73.19518511
19.8045321	62.54288522
18.46803899	65.61562437
18.75624348	67.02911587
23.48751691	76.5312882
21.97386916	64.90905606
21.06622201	67.87864829
25.80021392	77.25750407
25.09103829	78.9264699
20.55684842	63.98490593
19.35320132	61.72314205
19.15167825	55.38390963
18.81022632	59.61844417
15.50594407	48.6453382
22.64323677	73.5962657
21.55507537	69.12506991
21.44873481	63.26817897
18.26763339	59.48326788
17.6361158	60.82317984
22.45642446	70.34486143
22.38171557	71.40197292
21.63510344	72.77440902
19.48501527	63.63746751
16.16496287	56.02564021
22.24068805	69.99902322
19.8193736	61.60843648
20.05132153	64.66324719
22.54602351	69.3221062
17.32950311	62.75792717
16.36875268	47.39951758
19.15784287	64.33733229
15.91435885	47.91989712
17.9311133	61.43640517
21.83388287	67.77300846
21.08787475	67.37993117
18.8963999	56.71673008
21.73932674	68.22922362
21.17235563	70.13408388
19.07393366	64.12214621
15.54617928	54.01594971
16.16548599	55.81284798
17.57218678	62.04470631
17.70442529	53.12397305
23.59689166	79.48894369
21.30433211	68.06009068
19.23879444	62.96091871
20.02662144	65.9322611
17.27679674	54.62980628
14.45169297	46.58322191
23.228437	75.90607633
22.4994471	73.90116727
18.32872725	60.35915149
17.48807564	60.19159701
22.54274964	70.38089966
22.78903963	73.52234772
18.66042218	55.52270816
14.95181113	44.30347214
21.57056779	72.15150348
20.34119358	63.10435802
22.25541156	75.66301329
18.23900015	56.03304388
23.20913057	78.49129196
18.4306866	57.0759735
18.08355131	53.22541459
19.39312322	51.17652743
20.44421857	61.40121131
19.71576743	62.07067912
22.35304761	65.9011661
16.18044388	52.44652731
19.24856399	62.93268498
23.25591735	78.04416481
15.29412406	52.83756533
17.37849759	58.13621496
19.3973683	59.5312469
24.11746868	72.35278148
20.16858183	65.4795956
18.89677746	60.37666389
17.35204332	55.74046219
19.46559655	60.94440453
21.91736086	72.64673739
19.85377958	65.43220092
18.71349402	60.04556668
23.13430513	69.34254318
15.39527518	51.18953289
20.44233824	65.25225094
16.05824472	53.941842
24.60287166	81.12467266
18.49585901	57.38236176
19.17050499	60.12865044
21.40435002	65.15277545
25.48970894	85.29172103
20.25696843	62.72653923
18.31766801	62.91130349
18.66650619	59.20910287
17.3656982	54.56546663
23.93441927	78.26992793
19.64132407	64.59347795
21.96821169	67.55744096
19.09157875	59.77686603
20.46166801	62.75954017
18.37412112	57.68131029
17.61373944	60.74500755
19.8977133	63.25204701
22.17540862	73.66443673
19.95512556	60.0742683
18.32763903	62.43895089
18.26102051	62.77063792
22.03862478	69.61584469
17.20889308	56.67063059
25.11791438	80.0124986
19.94943506	59.32147309
17.64008031	51.92103717
18.56475491	61.53889298
21.95989271	67.32668958
21.38511267	66.9258821
22.72129472	74.28245372
20.66762261	63.34827548
17.36645257	56.34953786
23.14429337	71.84873049
22.21645948	79.51083213
24.09273012	76.57779263
15.49197115	49.21454012
19.89560643	65.05686861
21.88677766	72.85737668
17.05132238	52.31803935
19.57736124	61.80139753
16.2279928	59.2631936
17.32175351	55.23715729
20.5544771	62.7706777
22.7002034	68.75602796
17.68777265	56.95950501
19.09788859	60.3091767
21.49461649	73.22985174
16.61351313	53.55458859
19.9705927	59.98974442
18.21173702	55.8327509
15.10017838	57.19263924
23.28702713	73.20420716
19.43985582	66.74205525
19.94046437	60.80602473
21.04017645	67.46325247
19.86627634	63.55431683
14.87767859	50.42467631
20.67769508	62.53410231
18.5243856	57.30757437
21.05895338	71.21436078
15.65870673	51.12863191
15.17059032	50.27414924
14.09879018	45.9213558
17.04843379	52.81016678
17.20026116	55.25401458
15.93172429	54.87110373
17.1214685	61.58543381
18.74488807	62.4045056
18.27930676	58.78853698
21.03751871	70.59696183
19.48129012	62.01636062
19.26037003	63.43290532
11.90300997	33.27788459
18.01195737	61.87911983
26.21730024	80.91883151
20.52521068	66.6748308
25.59204597	75.45605248
18.33443052	63.75400547
24.97828673	86.47866054
20.72476921	64.85819003
16.85826951	49.0590798
24.32215992	74.40814137
23.48435501	72.93568734
16.72403826	50.76105807
17.28484259	54.6345321
16.26676538	52.03085049
21.21766507	64.30003295
17.64112448	56.10369282
16.24229732	49.7115459
16.67618641	50.7845418
17.29435276	55.39416503
20.05862257	63.77967587
17.71402294	59.27851161
16.67531802	57.0439914
15.76346765	50.35963389
21.80248491	69.65942278
23.22095694	76.31662337
21.54758878	70.19565694
16.44228218	53.35749821
21.7106307	70.48847116
24.34681178	70.4760154
20.45646609	70.7711044
18.47017624	57.27678264
14.03376112	45.63962046
21.85196805	72.1948891
24.7126325	74.85801905
18.47487107	56.72893739
23.03732477	69.77223572
23.33265486	68.36811348
18.15223023	58.18727625
22.15627198	74.07887868
18.28426759	52.89482608
17.50791821	57.76442337
19.41296018	60.68654745
15.59707411	45.22925837
25.64037564	82.40026019
17.80616203	59.64005724
22.35821884	75.8200929
17.85196897	59.57190506
20.21218274	60.86676481
23.31344749	71.35850068
24.92802704	82.32559743
18.48061205	64.7388013
20.28450735	71.22515549
23.89945335	70.40044085
19.89452701	56.87845034
17.86034112	55.52416361
21.3606035	69.06710127
14.78356061	48.08105115
23.11384115	72.70275455
22.91301626	65.78677234
18.88228971	61.27492477
21.1248859	65.67203502
19.67251469	64.58192632
22.4132828	63.09740844
22.61459247	72.09502922
23.98312207	76.23398185
19.88098004	61.38455287
19.7358913	63.65973564
15.81249316	56.75262406
22.34002737	70.79612528
19.6157611	61.74721202
18.42044819	53.34075308
19.63722776	64.41846836
24.78755756	77.09053958
26.98361988	82.31455245
22.0883474	75.15124036
19.06809739	63.86366795
14.29749565	48.50856312
20.47586725	61.62205826
18.91697667	58.27034608
16.26376071	55.06324038
18.19681878	59.05159577
18.19771173	61.80934317
18.83507989	59.775778
16.21463465	54.1204777
21.16949597	66.86947789
23.13363063	71.08047261
19.23100866	68.13583903
20.27831473	63.18757252
20.67256451	68.41325284
16.7285979	54.35507917
29.52008766	88.60600727
22.16021971	75.38700386
24.61598909	83.52009426
17.58122715	53.94380394
20.68792326	65.99510617
20.92669408	65.57986272
20.71820978	68.54124755
17.55651418	60.62566967
16.32313515	54.18753793
15.31117093	45.61926643
22.42020141	69.53905789
21.010307	60.20217905
16.53295373	51.68277864
17.56899688	58.5544098
19.53517463	54.56641011
19.49092424	58.41224696
22.73392845	73.09547333
22.30807901	71.7200109
20.38495854	64.40002531
21.35677112	67.3335376
18.98308383	55.91149779
15.45340774	48.1338639
21.28754056	67.68551723
14.64662969	55.98639914
20.1888237	63.87757449
20.90537926	67.01478783
22.72111851	72.5900484
20.12466347	66.12291757
19.68444682	65.16216684
18.86281859	56.5728919
16.80075969	57.76822429
22.8030025	70.18192218
17.5351522	57.48064134
21.3398774	67.78973429
26.02038226	76.77461253
18.7478047	60.59551018
21.19592905	69.35655995
25.03602046	82.89644496
16.9248856	59.2419928
20.75714245	66.76136437
24.15762222	77.11362885
16.808629	55.39720495
22.75181687	71.18644528
21.58006691	66.03848773
16.88496698	57.70199262
14.77293582	50.46511622
30.35184665	95.6433304
21.92058327	68.425777
22.931121	70.26163938
22.85049658	76.68392884
18.40499172	62.86490683
20.52520581	63.18636327
21.50218724	67.61802736
22.56711007	75.62297516
24.38678095	75.87985062
13.40730922	44.24700972
19.39677401	61.43822496
19.04672433	61.6746353
16.71978846	50.67416214
17.61422084	56.27138954
17.02999322	57.60067465
17.65319313	60.38749341
22.37049284	71.60582196
15.21142377	50.08700534
25.20728202	76.61718948
21.97121555	66.24916332
21.16916626	60.69762591
18.78571018	61.07244197
16.74060325	55.51376676
17.43680667	52.00389703
22.79488605	74.08007807
21.31691403	64.68398947
17.09866769	60.1432954
18.78100874	61.13126119
23.60696925	71.74771986
24.63023263	72.74959224
17.59257378	57.68086008
25.53859174	78.61454332
20.03421119	61.12171282
23.5082021	74.39086938
17.69432579	51.07045864
24.11798091	75.66182499
15.3720626	54.3438754
21.08010765	70.66133704
21.2322905	71.50106978
23.27307644	75.46692733
22.9379817	71.1350418
22.38988045	71.2259283
15.56801517	48.81308117
19.38547301	61.75077739
19.05228302	64.55538295
20.3059793	64.8967728
27.95459752	82.43136927
19.23320717	55.60750462
23.1083692	73.54372329
16.95047127	51.59591199
26.54369039	88.0634521
19.95426786	67.7079286
19.12427007	60.84811248
20.23989663	64.36968617
24.90326751	79.41352193
19.82067388	62.21381663
18.4532578	60.80002678
21.21956252	70.61619537
18.58142656	63.31592099
21.5440594	67.17832796
19.10833776	63.85941548
19.25507083	62.5881235
18.81058656	60.01653306
17.09701785	59.9286934
25.502604	84.11320532
19.72014786	59.59022581
23.45908473	73.60150851
14.82504447	53.69099539
27.59884649	83.79686136
26.62722872	88.05789541
17.98228923	56.22495609
15.97330743	53.5340911
14.15377029	47.78573064
15.87620599	54.77547147
18.27705139	63.11168685
21.37635192	65.31511774
20.39005277	64.38930431
17.65351118	53.33673736
21.8949031	68.11136556
16.61284903	55.51540096
14.0075533	45.77956749
23.15296097	67.85800059
21.20884463	73.29999969
22.36962897	70.42724015
27.37510019	85.52633735
16.95696558	51.89328419
21.48125943	68.44247167
20.28036117	66.0794732
22.69356194	70.99103298
23.89364613	74.88109507
21.56333561	65.47627649
21.18939189	65.18438995
22.13303832	70.73772989
21.04573626	70.30140402
20.227314	65.07249728
15.95203625	50.93499783
22.62625659	73.14497297
19.48254665	66.95554904
22.25430683	71.71249491
18.56441708	62.75323834
17.28733209	63.16189711
18.51435479	60.20980026
19.78912264	60.8392762
10.43755396	37.92121815
25.77049071	77.91376406
21.13765542	70.24979303
24.67072222	71.7655358
20.58074643	63.78081737
18.9457896	59.10020375
17.49289249	59.63434646
20.81308279	63.13345979
29.73843182	91.57121843
17.79669854	58.33425559
22.61303623	63.67604403
25.44826106	82.95196976
18.88349874	55.62072414
23.0366539	70.490832
22.0345863	72.80857796
22.65432783	76.76141872
19.3471191	63.94137442
27.54735924	80.44890479
14.35123711	50.76639274
21.80802001	69.80603884
22.87524597	75.68282519
16.53384555	53.58793069
17.38730531	54.45971517
24.71788385	75.36879421
25.23359847	77.64489189
22.70119088	68.68309861
11.25744838	38.10927982
17.84746058	57.60224489
20.01079933	62.60093205
25.07618547	81.26874159
23.84115148	72.44740539
17.3450907	54.19687273
20.07419622	56.30820188
19.62110402	62.31854355
18.94223558	58.75510375
20.12024755	60.43904534
22.36112473	71.87859988
17.11053202	53.18566619
18.97166299	60.63006784
20.08034242	62.91679666
21.57743374	69.05950385
20.3429512	64.57496817
15.45080636	51.06356939
25.51512527	82.33704803
21.32009024	65.69491754
19.50488062	63.68897151
19.50529102	57.56967006
19.32749887	64.82864548
21.08011718	72.40059515
20.53297739	62.97355932
24.15035603	75.04345209
19.05837787	66.01428087
23.57963568	76.42616205
20.51619802	65.00233588
22.51730097	68.81116157
20.28689266	62.34485627
21.46754705	68.33372007
17.42619078	55.39202534
14.47269431	47.25157156
13.84354682	45.86089909
22.02615676	67.78219307
22.67889261	67.73451589
26.49712632	78.69284702
18.25565504	57.59761566
22.49819254	72.77343281
19.76721268	64.29990533
23.0472073	76.03191753
24.21830952	78.61137466
17.9142799	59.43010286
20.85078547	64.88192208
21.40451718	72.3031593
22.34925735	75.85990282
20.04702579	67.09932954
21.26844738	70.3044123
18.50426155	61.0184305
21.58281185	71.66111191
15.6923085	53.74312845
19.44428689	59.39590977
21.68044121	65.91060614
23.24855115	72.54265918
15.36474645	49.90990964
20.25431138	62.91979309
23.21469913	71.51930182
23.30383508	72.95415809
20.48419852	67.4291495
15.53689099	50.23287773
19.97645955	67.61516302
17.55785375	59.06304221
16.999346	49.12858319
18.58496198	60.94629027
16.19348313	54.25225544
15.01282855	44.75671951
25.21760496	78.43823151
24.34632792	72.66027632
15.03810203	51.54066212
19.59916413	65.28669303
20.51837694	68.29360462
18.52622416	59.34383618
19.10879518	56.57864456
19.31761158	61.59002227
19.44637742	57.14291637
20.0488928	64.95587069
20.88114187	72.85600641
17.95852109	60.68625022
20.4305109	62.84040099
18.45400055	59.91012096
20.96194316	73.94191875
13.99723829	43.78365471
25.1972291	75.85382026
23.30487428	77.37876131
17.65097671	61.09224185
15.98722316	51.92724679
16.75898309	50.69808784
17.37318613	57.91938426
18.9683946	61.39300627
22.62746853	68.74969653
18.36427564	55.95617636
19.98242809	61.99004962
15.20360068	53.59989441
17.32363075	56.05599405
18.31703724	62.31958369
19.34960928	62.37733436
20.71502979	63.60184637
19.057303	57.5326967
19.26391744	67.52433964
23.09434093	67.39861891
18.16992367	54.78710974
19.34006143	61.83443134
18.12150704	54.09529357
17.05099913	57.20593945
25.12372658	74.51428752
19.31085053	60.03286607
18.30106595	55.55851286
22.16199618	69.78332265
24.1908365	75.45758542
20.19112632	62.18288703
14.78800361	48.34670772
20.68313176	66.09258069
20.32582773	64.91638273
16.3435875	52.02614532
24.15447767	75.44108421
17.6514325	53.23805094
15.79148034	51.46230099
15.93735288	52.43347473
22.40552527	68.29734641
19.0481539	62.60554718
25.01577999	76.96020639
15.25130443	49.57204751
16.74088646	54.61440871
23.75583367	73.81533693
19.67642373	66.71465704
23.54668928	70.39535555
21.72438506	67.68500983
19.56536719	64.1795119
20.62017339	64.29617237
17.2128719	56.36506053
17.64688865	61.1024072
18.61948363	56.05379524
15.36491743	55.32696972
19.41738544	68.06039243
13.65776863	43.37241257
23.76615039	77.65066751
18.46185584	62.32552524
25.83330061	77.11024535
19.71607295	61.6545146
19.98444455	64.64576642
18.6149904	60.6912742
21.44415191	67.40419863
26.92072138	84.65824174
18.46375576	58.30651311
19.83516672	63.11614409
20.57467607	65.76551952
22.03774452	71.39777686
23.99965817	79.2583871
23.41044558	76.93521677
19.58354877	59.98794939
20.83432834	68.41707949
20.86237928	67.3665234
18.63838232	59.05731003
19.15324152	58.49869723
22.25923474	66.74441055
15.5478015	54.60772248
22.67445216	70.2726605
16.92743566	59.0939686
22.24585141	71.68795752
21.09837937	73.03102205
21.11063824	70.11430672
18.15964479	49.3361425
19.66434233	61.96473007
16.19122925	60.69033126
21.49344052	62.73003693
21.28115442	69.39127522
20.35375932	70.72131178
22.76512493	76.49845621
23.24850438	75.4448506
22.18643588	70.67159469
15.48933726	51.49975009
20.22410906	61.39132806
19.41638725	63.52197037
18.83458697	62.73255985
23.86251849	70.06955739
21.38120214	70.57359931
25.43041661	78.79593931
18.15168428	59.030611
17.30814908	52.43580824
23.48073427	77.44032401
19.55869125	67.16061035
18.07418642	63.28971382
19.11105004	58.74191547
17.31908484	57.72663719
19.15481377	60.16320133
18.07243399	60.04865627
22.78289737	72.76307289
20.92132769	65.73677759
15.76319659	56.16026878
21.64267032	63.28792292
17.86652292	58.62384162
16.66440013	55.5762929
24.40049078	75.13561669
24.40979604	74.77219359
22.50342597	76.55533458
21.6337808	67.82891232
13.87095794	46.27814498
17.58720766	55.63171337
18.68260383	59.5424998
19.31891509	57.05994169
20.01456319	67.38729611
16.1435696	57.11675362
19.2093603	61.19133261
21.61740223	73.43851472
17.13374478	53.78744775
18.39859722	60.21223846
23.65098308	76.80233975
23.05044669	73.55551557
18.33469474	59.72712319
19.21534741	58.09859515
19.9541732	64.81760035
21.11406255	68.5553188
21.99527758	70.78468738
21.24566771	70.27516781
20.09721235	66.61242578
15.67008568	49.9743865
17.74706767	62.61755614
22.80718943	73.51385662
17.35286265	59.79948229
23.66287093	73.15146359
18.29215019	56.59187451
12.82968852	44.78895837
21.74056857	62.34037024
17.18813602	55.79910173
14.34419596	47.47907403
23.30099507	75.38921174
18.24665441	56.40880278
19.18211594	62.07604199
22.58112134	72.87180292
22.25859655	68.51836467
17.01008598	53.41773666
17.37741781	57.48690303
18.85364783	62.46647878
23.79397365	72.67899704
23.72134367	71.79339793
17.30829455	55.20168455
18.05025986	58.06926122
23.31272839	77.45400611
20.25723404	67.80213488
22.33265615	63.34797346
17.31507565	53.20329846
22.0127021	68.77197104
17.16653465	53.08223379
18.38405424	52.7095384
22.52312622	69.89670241
20.52375995	66.27205875
21.54237833	69.82334479
18.79369879	52.21088247
15.70560784	48.40361771
31.74192625	100.4204928
20.53633002	63.82587915
14.6255702	44.49144292
18.28983677	56.75704997
25.56484695	78.17638064
16.5290213	58.64708347
17.09689461	53.22059958
17.57337458	58.08566433
18.08410459	58.86781368
18.736669	57.85087932
20.77168815	68.23799796
23.50116481	77.70707169
20.96479095	64.67100416
17.52670678	51.26932382
17.6120544	60.86808701
22.52360379	67.92903952
17.25048575	58.92344901
20.82602208	64.56141613
21.74447185	68.00890268
23.89080041	72.15024648
15.4030588	53.98318557
20.8155481	63.5463448
19.42636484	59.94018844
21.39292245	69.59300695
20.3420187	59.72109536
24.554187	79.25763528
20.29505598	64.28946956
23.31368102	76.77130606
22.50265854	71.50349199
22.2215806	69.49564808
15.67546817	48.57981025
20.86517355	62.51720282
22.90398404	69.02401709
24.04044835	81.84842876
21.26686115	75.68659403
22.79585578	77.18469974
15.59529579	50.79524091
20.24608496	60.15129492
25.32599308	78.72481565
23.00163502	68.42707803
18.91276194	57.60305738
21.83736439	72.81181757
25.36096924	77.9157102
19.91102939	65.54378937
20.007071	62.66967354
21.18908284	68.52324878
19.1064756	62.58493346
25.58746141	82.85355668
21.34182755	67.30014189
19.50994816	62.84302614
17.63312419	57.89377883
18.27002481	58.07420578
21.81888051	64.60109094
19.79079867	61.1249887
24.81428859	79.6217243
16.55876175	49.98811912
20.91792414	66.53352232
23.19075189	72.23262887
17.61040342	53.69099837
20.69569621	63.46003494
24.49680728	77.32247156
16.0412143	51.18324246
24.01991627	80.51512446
19.70220042	62.73441237
15.04699959	44.18923388
18.32962578	60.47125802
23.52595969	74.98006879
16.58730264	56.80514257
14.0299132	40.52227669
22.41269431	64.71989253
15.40712131	49.26288043
25.18600473	77.76626177
18.85114345	52.64275285
17.70311308	50.02088472
19.52572149	67.03542176
19.1303048	65.13575842
16.88200129	54.41397316
19.40503481	64.28653286
24.72194479	74.94184161
24.36980925	78.12349273
17.93307794	53.92875828
25.3870099	75.09095073
21.41889172	65.73354368
17.45692132	55.57480305
25.88809797	80.38286868
19.17953578	59.04182436
25.3311074	76.90442611
17.94139761	55.94542951
16.73717409	55.81092304
20.68715483	65.8261086
19.865433	64.22746272
15.00321401	49.01961574
22.34911662	70.43385961
22.03304069	64.51625602
20.72421157	64.86798717
15.37374806	51.76038766
18.80766543	61.88884006
22.11492023	72.96870584
18.57069068	64.00590996
18.68911933	54.84141186
21.44773078	67.86149091
17.85183009	58.89150662
17.1445034	57.47954004
20.38894219	66.29827787
16.89539675	51.7912908
18.97092618	60.12761118
14.67161175	51.77003781
24.5086479	79.09716403
14.3356184	47.73887426
19.34770948	64.1880712
17.49774952	60.91085022
13.53035236	41.21046674
15.3152661	48.72702581
20.43415596	60.83028847
25.5323519	83.07440547
19.72232482	65.3700358
18.23614152	61.28278354
20.53421182	62.12139482
14.67271993	44.35538734
19.9169685	65.05548315
24.97898109	80.2389171
23.00665931	74.68031182
16.9336856	50.92627996
18.10781375	61.85826741
18.95821675	64.59296722
26.01019563	82.79854729
22.9115887	69.68074126
19.99751902	67.00565512
20.57584751	63.02907669
23.56992697	77.02519186
27.69470131	85.96325494
22.62438561	71.03638157
22.05769201	69.10721734
19.53745913	66.16220541
19.11634932	54.68800226
23.34217409	73.97098807
22.78963134	66.99962612
19.62844819	64.23588522
22.45851776	69.6081042
19.9767392	57.9399096
11.99079119	47.06505355
21.1614703	61.69482902
19.80495536	62.78467857
18.38004147	53.7161319
24.91783956	83.47253598
19.74574833	60.87419698
20.78818648	67.15021959
23.96791284	71.53998813
20.14176917	64.44052967
14.33581951	45.44789185
16.23400971	59.13973206
22.21800309	75.46903791
17.35660115	59.820473
20.75489207	68.3964838
14.05446939	46.31157478
21.64244593	62.51044389
19.51654656	54.70204272
19.81325945	62.63480433
20.24767773	58.28978607
19.43068638	63.54390197
22.30653832	71.7818053
22.15989826	70.35757951
18.37765367	59.33889957
16.10195512	49.97415609
19.11063185	65.51921078
22.42816204	72.96479863
19.17601052	67.25612856
20.54178733	66.40435772
21.1008573	67.07476085
23.05674966	70.15801512
21.30267543	63.749399
21.19168411	65.18033825
18.91118964	59.36807572
22.14823172	70.10766729
22.30031913	70.98584329
22.33555894	70.44066902
22.40515261	67.71544477
20.80599753	72.64403697
20.48489927	70.09702096
22.50285054	73.66645559
21.18756599	72.47749508
19.04709846	57.62232491
18.66779779	62.33824556
23.41852201	72.88771314
22.08885841	76.78086563
20.80844102	68.53550031
23.7823397	72.08212088
15.80241217	51.71204971
19.34814979	67.79217877
13.96342953	45.88138092
18.65058159	62.10227901
14.58553214	48.12862386
19.93475914	62.48795134
19.94211428	65.99289956
17.33487317	53.76348813
16.2699265	54.41210649
21.48922365	63.17056437
10.33619414	36.88005828
24.12961603	78.71501304
24.67522456	76.45814869
23.78794357	75.32486958
21.73582637	70.22253176
23.43196051	79.5776762
14.32350344	45.62428726
20.37900681	63.10464237
16.83823716	57.51651778
16.04217346	50.22804079
19.75518779	67.2433219
28.31892648	91.14921095
20.87134173	58.97855603
21.1847468	65.40221661
24.74105188	78.55152867
22.21176604	72.51717191
17.4658526	56.51874046
24.96066567	79.5341917
20.45579693	66.78883727
18.82073848	59.04560705
18.36120773	57.76405969
18.67861743	62.84216293
20.73872244	67.43677364
20.10821072	66.78549846
17.01556043	51.77375967
20.10553686	64.16365199
24.5564041	74.96362812
17.28305012	53.28943927
17.16131955	57.36900001
24.68147406	78.52825013
17.1233392	55.63671727
24.07776272	73.37336428
18.21326135	58.34230627
22.66884754	73.99475294
18.26287399	62.48922166
17.7432278	60.06856743
21.38506417	72.61531007
20.27861193	66.18866543
17.71251522	58.12852062
20.07156433	67.3423913
18.46916387	57.20009575
20.09048669	62.85844667
19.57798019	59.93643246
20.61136706	69.11682221
15.1351434	48.23937971
19.59814487	66.74828361
22.094073	68.1998924
20.93330104	70.22400289
23.46723835	77.0309498
21.13639399	66.59813032
16.33789935	53.62508615
19.40360434	62.50476772
21.30864012	65.85185463
21.2941937	64.55104535
16.96075495	51.13658065
19.5981205	60.90619786
26.51279359	82.7006715
20.93846024	67.52217847
21.55137308	67.67772125
24.36756504	72.09632639
19.0925339	65.44296383
23.79763421	66.45621314
18.59933263	62.5662665
20.87748211	61.32824094
11.27909424	37.63317249
17.69208224	58.93668455
13.33918046	51.41640178
18.90252838	60.87219246
19.75485992	62.27245228
21.22958989	69.30016971
17.45437703	54.61915176
20.21977355	64.49861672
16.73417333	56.23334204
21.99973695	71.36552716
18.61248027	58.4082855
20.29390726	68.21007774
21.5614168	65.89839912
17.3760315	51.22501633
22.3295855	62.59566811
13.2116646	42.69241322
22.25742658	71.5239267
22.85126225	69.39183111
22.16431305	75.11195073
20.01062367	62.56469213
21.23873912	70.7290275
23.41181349	75.46106215
17.80936126	57.33275545
21.58059376	73.85517815
20.43789559	67.58060584
20.30281424	61.37913358
20.22734711	62.86287199
19.79328751	62.35215372
17.93856643	51.1993208
19.07995095	61.63718601
21.75884936	68.25650661
15.30230514	44.31579031
21.34390234	72.64338756
9.640485904	35.39386645
16.3726384	56.72721486
17.44554414	53.44000802
22.09131967	70.80026163
25.35813029	79.13585725
18.82690587	57.68443197
16.44047854	50.74581741
17.39102463	54.11322619
16.9771982	54.78812003
12.39138206	38.20738455
17.35917858	56.79908955
21.91290012	72.4582659
23.76667006	76.11039743
17.38865012	51.86731118
19.69385066	63.76259351
16.55342692	56.93840723
18.55915073	58.50293986
17.07721873	60.09639501
18.37091492	61.28110389
19.43394024	61.74896711
13.39726477	46.12048389
19.82612217	64.10105209
23.19284435	74.53448796
22.93510992	74.87332641
16.46067342	48.50493662
22.40768454	69.38504086
14.95577402	44.28241489
19.52998769	60.83665051
23.91738212	79.16486811
18.94710084	60.76438552
19.60248546	64.54552095
25.14179387	76.45939276
23.78013831	78.33498159
18.16257037	58.8616373
16.46709968	55.09517772
21.41293993	70.41906917
25.47066657	81.68587582
15.84957125	52.76751449
17.24611279	56.58020129
14.70958663	43.55835964
20.78838716	67.53678822
19.19631683	60.57991466
22.76318731	67.35774665
24.11568282	78.26342573
19.53543218	61.09715648
18.30230782	62.75579875
22.38596192	70.16322498
14.00903286	45.56889797
22.26448449	68.4996824
22.70074883	71.78196043
19.77085945	64.10221246
16.5523179	58.44423942
18.34693093	61.98925042
18.40568516	61.16161989
24.8042368	77.51105922
17.86950724	53.08725208
18.52536751	57.41852183
16.53344565	52.15715262
19.48667501	61.30887955
24.4629089	75.08884726
23.24949971	77.30700771
18.07084712	58.37884757
14.47208756	45.39498469
21.07063095	64.70266021
20.04468143	62.8792702
21.02921305	63.59245837
17.96186283	58.81287147
18.25609595	58.10137017
23.00058314	77.88197167
26.07497745	85.61946029
17.67304709	56.47938927
18.58527358	62.46383677
23.64813882	74.47258119
18.29343208	61.27496724
23.84851386	76.64131398
16.91057808	53.82515081
20.15910405	61.91409104
20.04160293	56.27361128
19.46296929	64.77910843
19.93554479	75.85926164
15.19804543	54.65499843
17.34465543	56.28703026
18.90858554	59.90007989
20.00667236	65.52695667
19.94053757	65.32059787
19.21743009	63.1390364
15.8219823	44.64808782
18.23731189	62.47377847
21.95968962	66.66157554
24.01671643	75.07772867
15.34619078	45.89403531
17.01974101	52.5752902
19.57334018	60.59880149
20.14289233	64.87744666
16.54136342	48.70563457
16.75408049	51.95209518
17.03025735	52.93594142
22.42110648	71.43907872
22.71263212	72.0015603
17.77621134	56.8928673
16.34714649	56.98688642
21.89523144	67.048692
24.96696749	78.03217375
22.46315434	69.76064405
18.69691708	57.82759631
20.83230955	68.76258143
23.36967476	73.43887729
18.95862197	63.55838564
20.49954497	69.34606073
23.76532444	74.87692675
21.0785474	64.13129527
10.97656575	33.22404207
20.3355174	64.28589447
20.26449944	62.94167699
19.64087923	61.23455426
23.46833211	79.20724034
18.86888678	59.05278331
22.70498386	71.68710541
21.05108841	69.20849003
21.12713745	66.01130207
18.08131053	51.69094635
21.48167716	68.7222142
21.66405597	69.30156487
23.30099803	72.37815364
22.97327954	74.82035786
22.3274025	69.48277997
18.26160554	57.87555841
20.1960898	66.87948314
16.1815219	52.24116255
23.71076499	75.90010225
24.03658328	78.0491683
14.40546985	50.94266424
22.7523283	73.89539055
14.60391325	49.39298511
23.30320867	70.06402604
19.54344019	59.87231985
13.03431514	48.91823793
19.86977124	63.57349411
18.10313931	57.15981277
25.81083414	79.35662365
23.09759382	70.80472374
17.8392448	58.02259469
19.27106976	63.43201099
21.34359665	65.12940264
14.4754215	50.70877191
17.73431366	52.70190801
19.79684743	66.72229964
18.24573196	54.64028028
19.21396639	60.2676649
23.74639747	71.79501327
18.57181685	61.84679599
20.73003741	65.14087529
19.37150422	59.17881989
17.95064057	58.2753247
18.65249451	65.04424942
17.86379339	51.27242961
15.54838396	55.78669433
17.99145488	57.49129067
19.81044409	63.01414453
13.81868903	48.55942692
22.4531576	70.67830326
22.5070946	72.68123418
21.42076721	62.92003337
13.57561196	45.37412907
20.34265068	69.12934701
16.68330396	55.16907427
21.02093014	70.56666177
20.72208379	64.60887392
26.24889393	84.39403269
18.24230015	60.84691682
16.53415021	51.77089474
18.98997475	64.87698441
14.14374648	48.85445462
21.72328074	66.04258339
26.43747999	83.81701297
21.51220559	70.6647092
18.34839748	61.81498655
21.69328867	68.26707374
16.85931878	52.30449966
19.10269653	58.45969975
21.48597267	65.60771554
19.85516364	65.91778636
19.71613664	61.86261718
20.75152469	65.61176305
18.71557606	58.01991503
15.31378174	52.70454855
17.78058035	58.39093804
14.91897519	47.16131537
14.81240751	45.36311312
17.06863722	52.15639138
18.12329244	55.25416249
18.48831872	53.03201929
20.14460506	64.70258884
19.89057503	66.59197937
21.28213861	68.86415321
21.16795401	60.02732706
19.00116025	66.53636852
24.43302298	75.26167547
11.59885991	36.83710738
22.80073631	74.30793255
19.09455242	62.49080798
14.662193	50.40363849
19.32901794	67.62961113
20.56227251	71.31112933
17.04566001	54.50222381
18.22541431	60.60787164
15.64881762	53.95960568
13.91716189	46.78049609
18.54142791	61.55090127
14.83591712	48.4403079
17.15699781	60.62357466
23.47041115	71.15297125
23.29566686	77.36575122
20.809684	61.11537821
19.22368571	58.07539348
21.13490052	69.41230434
22.18907147	69.46697682
17.54084082	57.09617688
22.55685707	77.06181841
21.07609025	71.66086115
22.0649484	73.74975865
16.02236322	52.20749717
19.56707004	59.29742525
16.54895489	56.48325297
17.46774755	62.45372009
21.98267553	75.55344022
24.50060235	80.01335121
24.47031742	77.13734715
23.06354489	73.44771427
24.39422398	80.76698853
12.65042512	45.49329132
23.27611934	76.61784835
19.34760273	64.14595734
22.04060111	71.73500812
16.80314449	55.97254007
22.16784505	73.62779054
20.79011267	69.02335436
16.38048615	54.56640759
18.84254473	56.9699928
18.34648171	59.36639607
17.80211375	61.60010243
20.71238575	70.47368655
17.58845695	58.50259546
17.31435136	52.84374527
14.89484649	48.17244213
18.68232444	59.55739387
16.85765872	53.36709086
18.76229938	60.56397512
23.89921378	72.95601246
22.37012075	71.2047304
20.26576477	58.46231963
17.96466082	62.21671471
21.90330145	66.20576917
18.59317144	60.82841611
19.80236048	62.23632291
19.41324464	60.83751716
23.12652367	74.10477237
13.79079237	47.53296135
13.81146354	48.46477307
20.02687826	63.61461727
19.69623788	67.68709856
19.74889667	63.43360023
15.92949841	53.12111249
21.5417343	63.84009383
20.23806657	64.57358264
23.40089559	77.1236807
23.41216946	73.44389545
16.45301686	53.74675771
18.80704232	58.12374297
17.57388144	51.28607215
24.42695411	76.43463579
12.07179878	42.9522759
20.21048999	60.65323744
20.34906961	68.09033063
23.2866413	73.09705744
19.68557492	59.35921893
18.83565407	62.71137565
23.28913086	75.69887634
21.65767963	67.356468
17.45184845	50.74737712
22.63283844	70.96299958
18.92688099	61.50090589
17.07932798	53.30342343
18.17772297	56.28084691
21.61488579	73.75187623
18.55058066	60.5544418
23.60420751	77.36017317
21.83494011	69.94142473
20.13057731	63.41464696
15.7110398	52.32119511
20.17722228	70.65145487
19.56684314	63.08993771
16.34309027	56.69883114
21.18850699	65.07631462
20.89057332	62.06572488
19.71483473	65.68543294
22.71955061	71.56694795
15.44984213	50.73527156
23.65465635	76.43126514
13.44729824	43.81595648
20.52162028	69.30739383
17.66863808	54.7058891
18.83288114	58.6848549
19.16946848	62.43379823
19.66325664	62.27762021
17.66949449	51.9513834
26.63608863	87.44318987
22.20294143	71.95735477
19.20267004	58.46957803
21.24702615	71.25241478
18.95300101	56.98101779
19.69324407	63.47942137
17.67985182	53.74315443
16.33951746	53.60991092
21.4600776	66.97328562
24.31875956	76.28168558
20.35310031	61.41851946
21.4544017	64.44817039
21.68569086	72.90858446
20.46558825	69.33896778
24.89099313	75.83538769
22.63512006	75.89001415
21.85650486	72.60953353
20.02771077	67.28890521
22.22732215	69.2287988
24.0785012	80.29443983
17.99057416	58.65223659
21.15462416	69.02409291
20.46210443	63.69118792
20.96164818	64.86992322
15.57244351	51.74276967
24.60048323	75.63215263
21.04679545	62.93138694
20.89576207	68.43125353
22.2060841	72.71438218
22.6598327	69.79906752
19.69553566	59.27127887
23.08606283	76.4026979
15.58902512	47.50314869
18.87995456	63.85837597
22.43929433	66.19790257
19.7637487	63.63568882
25.09252446	82.21456208
14.98021865	44.24308924
17.23406193	55.50819125
21.01068748	66.8811143
21.10612413	67.92951925
21.63534219	72.59658429
12.18238699	41.15022942
17.01252833	47.17631115
19.71731917	61.25812123
18.05852417	57.1164943
19.98335618	63.25045574
22.56538994	71.31455925
20.86836273	65.18234014
15.92792668	54.73610774
21.58591359	68.94246758
20.87662009	65.55140623
26.49072875	79.10585075
11.88111099	40.06887279
20.72375179	71.52843582
17.16852628	53.60460758
15.66433199	57.26589082
18.34375046	59.21140092
21.44673931	73.3865102
18.55143547	65.92633279
24.51883499	73.8583306
24.18249246	74.34142265
22.65207816	72.78552004
13.8368902	44.86053623
18.80652553	61.81268375
17.3491477	56.61212351
19.19524606	61.50666164
18.99251055	62.52334676
22.80677278	68.47242331
16.87355564	52.52303505
21.61820962	69.48612206
18.72636321	63.04921287
20.14205016	68.89259938
20.45902725	65.78295441
19.31820479	63.13555916
25.51389124	76.08048719
20.38354032	66.42175413
21.57770773	74.42385079
17.81257777	64.51100391
19.57001734	64.46244539
14.98202241	58.77950624
20.09960831	58.20379022
16.57607556	58.86285783
15.64109952	45.88516796
22.40305449	69.38772132
25.08542429	80.24714495
18.78057379	59.06929762
23.08159221	78.43543755
19.88677777	63.00396332
17.30905751	56.67268999
18.25420687	65.49101262
12.15266719	39.00009944
17.53133552	55.74516282
23.97678908	76.79442997
19.72827185	58.35753214
15.91949241	52.14493088
18.52881861	59.72809658
19.92389783	61.06650422
20.30718504	66.56167828
16.40164114	47.45387341
16.63854246	46.99677503
21.31972608	75.392236
17.98326409	59.74714967
16.47621487	45.52086395
21.47947176	73.43175293
19.79029827	63.63339062
17.58531187	56.37127463
22.54037251	71.88067261
21.29350068	71.05065038
19.24166451	59.05859968
14.78682348	45.91054724
19.97030391	65.83862205
22.51048753	70.37684544
22.53620833	70.69434381
27.16107363	88.8198909
22.88538104	70.94242248
19.9902461	64.93655509
20.167995	66.9412195
22.0641409	68.90462216
18.70347145	58.54999962
23.1393441	78.42414895
18.79978338	67.0827625
20.95456284	65.93809334
19.21829826	60.42785827
20.23989844	64.62185121
24.25525024	78.43745941
17.38669689	58.29291879
13.60176444	47.43956022
21.8592896	68.51671449
19.19694983	64.36824845
22.19915603	69.86089298
19.92238768	62.19506687
16.56515188	53.93152251
21.32391219	68.57722881
16.86906735	50.69642586
20.13781269	62.89978182
19.3166249	54.13056574
21.54843284	58.92357232
17.16388519	54.44896661
19.03109872	60.11488097
19.90407924	65.41935769
17.95763046	57.88878256
19.34059135	65.086246
19.43665891	63.00822069
18.11366288	56.31225968
13.22005506	42.03503937
20.49029295	62.98528138
21.831826	65.89205515
17.94812228	56.05198025
14.73804559	52.02137281
21.30598538	69.79801478
19.88110318	62.72137023
16.97225209	58.33146261
18.99065238	54.66426311
15.84573599	50.81000983
16.69156463	52.66790655
19.34660507	64.63345777
20.249434	64.81160941
27.085583	85.5440375
17.95267794	56.42713041
19.80779457	58.37489611
21.04223392	64.82249167
26.4974856	80.36618098
21.50397772	66.16251977
18.85721328	63.62267933
28.14177353	86.68214047
23.68470509	76.39935467
22.34795897	69.76514307
21.7425314	70.21932876
18.54483805	59.5569916
21.85016534	70.92474761
16.44031992	54.58801718
19.90579638	63.01934233
23.71916629	75.95846186
13.99489071	42.56323637
23.17031113	71.05104146
25.28552126	81.69383814
16.03561914	50.29002976
13.24009772	48.03106105
20.01558945	64.56568139
19.1639551	61.27877844
16.69016029	50.53753756
19.61828722	61.37607669
21.54483168	69.30654273
20.80179156	64.43360477
19.18402667	59.93702189
20.60358059	62.44369738
14.91817422	46.17702946
20.88690675	66.33386422
17.60091027	52.89411017
25.75381256	80.5999034
16.39205733	56.44842805
24.80988553	78.83194117
17.82778563	61.12897236
20.31091994	63.73132791
23.36877896	70.93100428
21.99970822	72.14650755
21.23280359	70.11837173
25.185169	76.42644002
21.51296875	67.87242125
18.48529222	62.88074676
19.7854879	57.60817339
23.44154054	78.17682102
18.01762086	61.67874417
20.50246569	66.61631675
25.5219657	77.45189258
18.54377885	62.42880563
19.09645706	59.7821759
18.32139322	59.97686374
15.28985059	50.61597867
13.77030134	40.97269578
15.34847384	50.01068878
21.17752578	73.96733889
14.95380283	54.42931505
18.13766644	55.78179717
19.48068249	57.96100652
23.48054147	75.91201861
17.93628683	62.3088434
20.60096423	68.20205915
22.23885546	73.26655161
23.2613314	71.88668502
18.65592026	58.4106538
24.4644143	79.36876687
18.07812007	63.56386525
19.16315122	57.35471138
20.84238617	68.11460607
15.07245326	45.92321876
15.92071682	50.91719022
22.15688781	68.82164607
22.21916077	70.88926932
18.56551634	59.05029711
23.35028051	74.73752192
20.81580889	65.95830938
19.51278084	59.83592644
14.39870449	50.70239172
23.06341071	71.22064382
20.77831939	65.86596095
28.49467966	84.65797633
21.64951872	64.6110982
18.88495918	60.92519671
14.92562673	44.05338567
20.33615293	68.54743332
19.2388015	65.31994158
19.12603492	61.67057585
25.45346463	75.35215347
24.77908231	77.58177776
19.91813616	61.35280006
19.11849011	66.20744264
16.09062709	54.01490677
26.29083249	80.5729274
23.02828626	69.63387114
20.45828132	67.01004518
17.61503715	54.08985623
20.14692894	61.83934521
16.36708806	56.56783029
15.55363353	52.12551291
18.67026166	64.23338227
19.16760376	57.30897727
18.63981407	57.47350246
22.52783373	73.56344268
20.47343974	65.34336313
18.02253928	52.29960866
17.78402143	56.71439684
21.87215845	70.65424004
17.5302391	57.46201076
17.59406368	59.80523642
17.98658993	56.78452947
22.934119	70.41750734
14.20911279	46.01975396
18.21189865	57.58690594
15.32099026	51.67805954
20.13868069	65.75755347
18.80752966	54.99213047
20.20522549	66.90601471
18.65155349	57.15360254
17.40540869	59.78293767
23.6989011	77.42615728
24.95444984	82.82529639
21.19292243	67.0331988
19.40697502	65.6531955
17.91941493	60.37233179
20.26155429	67.02232987
19.91956962	67.83010894
16.07431566	50.33809392
17.2690878	56.76289364
20.77922779	61.54207499
24.29049211	72.5457065
20.30284976	64.22278418
21.00050241	66.39117876
19.98440974	65.3782311
23.5883098	78.14254666
16.89110517	56.99715001
21.74952933	68.91568686
18.85599703	64.90742559
25.13749233	80.58919964
15.37171564	51.90548827
20.26312767	59.61818027
21.19693193	69.52758726
20.23332009	66.33511368
23.43588467	76.10194345
13.59332841	43.95065351
21.44707133	65.00565933
19.72854841	60.41509767
15.71779644	47.84425543
25.52047861	78.8117847
26.75953462	84.91536426
20.80452447	69.02841503
20.17252891	64.73923269
20.08335759	64.65073729
14.81423335	53.31306051
19.08782865	59.19617901
23.22638765	67.46929359
16.42500675	52.42235511
22.42069357	75.98904334
19.26176385	58.35542987
25.23237675	82.51987696
19.79697669	68.51053211
24.69712316	79.04923893
22.76227933	77.32588816
18.85451716	64.65011943
24.13664264	79.17337314
24.33798443	80.83114187
25.89759226	73.6001476
17.64311347	55.17724567
20.44400663	62.06974806
27.15552668	80.39083349
21.05450842	65.24973021
24.19954448	79.14800911
15.9443099	53.46756062
23.06970389	74.87663414
16.23170894	51.7469891
21.27788253	75.3134043
16.40787123	50.0121562
21.14438501	68.39093303
22.18389419	72.39787001
19.34340749	61.22209418
15.71340159	48.00835601
24.63520637	78.72468671
19.27463284	64.72474337
19.37662315	61.9104889
16.78466198	53.19369894
18.06137582	51.53022726
20.74683596	62.29508328
25.19260128	83.33015515
18.80126737	60.44242727
25.72521494	80.54890607
17.08049496	60.43575617
23.91689082	69.89531492
23.11106219	73.6487722
24.28983162	74.27977064
20.76418212	65.0880292
15.07530368	49.71955108
21.35867782	71.60598982
25.81373736	81.16828573
