0.01	0.03	4.03
0.02	0.06	4.06
0.03	0.09	4.09
0.04	0.12	4.12
0.05	0.15	4.15
0.06	0.18	4.18
0.07	0.21	4.21
0.08	0.24	4.24
0.09	0.27	4.27
0.1	0.3	4.3
0.11	0.33	4.33
0.12	0.36	4.36
0.13	0.39	4.39
0.14	0.42	4.42
0.15	0.45	4.45
0.16	0.48	4.48
0.17	0.51	4.51
0.18	0.54	4.54
0.19	0.57	4.57
0.2	0.6	4.6
0.21	0.63	4.63
0.22	0.66	4.66
0.23	0.69	4.69
0.24	0.72	4.72
0.25	0.75	4.75
0.26	0.78	4.78
0.27	0.81	4.81
0.28	0.84	4.84
0.29	0.87	4.87
0.3	0.9	4.9
0.31	0.93	4.93
0.32	0.96	4.96
0.33	0.99	4.99
0.34	1.02	5.02
0.35	1.05	5.05
0.36	1.08	5.08
0.37	1.11	5.11
0.38	1.14	5.14
0.39	1.17	5.17
0.4	1.2	5.2
0.41	1.23	5.23
0.42	1.26	5.26
0.43	1.29	5.29
0.44	1.32	5.32
0.45	1.35	5.35
0.46	1.38	5.38
0.47	1.41	5.41
0.48	1.44	5.44
0.49	1.47	5.47
0.5	1.5	5.5
0.51	1.53	5.53
0.52	1.56	5.56
0.53	1.59	5.59
0.54	1.62	5.62
0.55	1.65	5.65
0.56	1.68	5.68
0.57	1.71	5.71
0.58	1.74	5.74
0.59	1.77	5.77
0.6	1.8	5.8
0.61	1.83	5.83
0.62	1.86	5.86
0.63	1.89	5.89
0.64	1.92	5.92
0.65	1.95	5.95
0.66	1.98	5.98
0.67	2.01	6.01
0.68	2.04	6.04
0.69	2.07	6.07
0.7	2.1	6.1
0.71	2.13	6.13
0.72	2.16	6.16
0.73	2.19	6.19
0.74	2.22	6.22
0.75	2.25	6.25
0.76	2.28	6.28
0.77	2.31	6.31
0.78	2.34	6.34
0.79	2.37	6.37
0.8	2.4	6.4
0.81	2.43	6.43
0.82	2.46	6.46
0.83	2.49	6.49
0.84	2.52	6.52
0.85	2.55	6.55
0.86	2.58	6.58
0.87	2.61	6.61
0.88	2.64	6.64
0.89	2.67	6.67
0.9	2.7	6.7
0.91	2.73	6.73
0.92	2.76	6.76
0.93	2.79	6.79
0.94	2.82	6.82
0.95	2.85	6.85
0.96	2.88	6.88
0.97	2.91	6.91
0.98	2.94	6.94
0.99	2.97	6.97
1	3	7
1.01	3.03	7.03
1.02	3.06	7.06
1.03	3.09	7.09
1.04	3.12	7.12
1.05	3.15	7.15
1.06	3.18	7.18
1.07	3.21	7.21
1.08	3.24	7.24
1.09	3.27	7.27
1.1	3.3	7.3
1.11	3.33	7.33
1.12	3.36	7.36
1.13	3.39	7.39
1.14	3.42	7.42
1.15	3.45	7.45
1.16	3.48	7.48
1.17	3.51	7.51
1.18	3.54	7.54
1.19	3.57	7.57
1.2	3.6	7.6
1.21	3.63	7.63
1.22	3.66	7.66
1.23	3.69	7.69
1.24	3.72	7.72
1.25	3.75	7.75
1.26	3.78	7.78
1.27	3.81	7.81
1.28	3.84	7.84
1.29	3.87	7.87
1.3	3.9	7.9
1.31	3.93	7.93
1.32	3.96	7.96
1.33	3.99	7.99
1.34	4.02	8.02
1.35	4.05	8.05
1.36	4.08	8.08
1.37	4.11	8.11
1.38	4.14	8.14
1.39	4.17	8.17
1.4	4.2	8.2
1.41	4.23	8.23
1.42	4.26	8.26
1.43	4.29	8.29
1.44	4.32	8.32
1.45	4.35	8.35
1.46	4.38	8.38
1.47	4.41	8.41
1.48	4.44	8.44
1.49	4.47	8.47
1.5	4.5	8.5
1.51	4.53	8.53
1.52	4.56	8.56
1.53	4.59	8.59
1.54	4.62	8.62
1.55	4.65	8.65
1.56	4.68	8.68
1.57	4.71	8.71
1.58	4.74	8.74
1.59	4.77	8.77
1.6	4.8	8.8
1.61	4.83	8.83
1.62	4.86	8.86
1.63	4.89	8.89
1.64	4.92	8.92
1.65	4.95	8.95
1.66	4.98	8.98
1.67	5.01	9.01
1.68	5.04	9.04
1.69	5.07	9.07
1.7	5.1	9.1
1.71	5.13	9.13
1.72	5.16	9.16
1.73	5.19	9.19
1.74	5.22	9.22
1.75	5.25	9.25
1.76	5.28	9.28
1.77	5.31	9.31
1.78	5.34	9.34
1.79	5.37	9.37
1.8	5.4	9.4
1.81	5.43	9.43
1.82	5.46	9.46
1.83	5.49	9.49
1.84	5.52	9.52
1.85	5.55	9.55
1.86	5.58	9.58
1.87	5.61	9.61
1.88	5.64	9.64
1.89	5.67	9.67
1.9	5.7	9.7
1.91	5.73	9.73
1.92	5.76	9.76
1.93	5.79	9.79
1.94	5.82	9.82
1.95	5.85	9.85
1.96	5.88	9.88
1.97	5.91	9.91
1.98	5.94	9.94
1.99	5.97	9.97
2	6	10
2.01	6.03	10.03
2.02	6.06	10.06
2.03	6.09	10.09
2.04	6.12	10.12
2.05	6.15	10.15
2.06	6.18	10.18
2.07	6.21	10.21
2.08	6.24	10.24
2.09	6.27	10.27
2.1	6.3	10.3
2.11	6.33	10.33
2.12	6.36	10.36
2.13	6.39	10.39
2.14	6.42	10.42
2.15	6.45	10.45
2.16	6.48	10.48
2.17	6.51	10.51
2.18	6.54	10.54
2.19	6.57	10.57
2.2	6.6	10.6
2.21	6.63	10.63
2.22	6.66	10.66
2.23	6.69	10.69
2.24	6.72	10.72
2.25	6.75	10.75
2.26	6.78	10.78
2.27	6.81	10.81
2.28	6.84	10.84
2.29	6.87	10.87
2.3	6.9	10.9
2.31	6.93	10.93
2.32	6.96	10.96
2.33	6.99	10.99
2.34	7.02	11.02
2.35	7.05	11.05
2.36	7.08	11.08
2.37	7.11	11.11
2.38	7.14	11.14
2.39	7.17	11.17
2.4	7.2	11.2
2.41	7.23	11.23
2.42	7.26	11.26
2.43	7.29	11.29
2.44	7.32	11.32
2.45	7.35	11.35
2.46	7.38	11.38
2.47	7.41	11.41
2.48	7.44	11.44
2.49	7.47	11.47
2.5	7.5	11.5
2.51	7.53	11.53
2.52	7.56	11.56
2.53	7.59	11.59
2.54	7.62	11.62
2.55	7.65	11.65
2.56	7.68	11.68
2.57	7.71	11.71
2.58	7.74	11.74
2.59	7.77	11.77
2.6	7.8	11.8
2.61	7.83	11.83
2.62	7.86	11.86
2.63	7.89	11.89
2.64	7.92	11.92
2.65	7.95	11.95
2.66	7.98	11.98
2.67	8.01	12.01
2.68	8.04	12.04
2.69	8.07	12.07
2.7	8.1	12.1
2.71	8.13	12.13
2.72	8.16	12.16
2.73	8.19	12.19
2.74	8.22	12.22
2.75	8.25	12.25
2.76	8.28	12.28
2.77	8.31	12.31
2.78	8.34	12.34
2.79	8.37	12.37
2.8	8.4	12.4
2.81	8.43	12.43
2.82	8.46	12.46
2.83	8.49	12.49
2.84	8.52	12.52
2.85	8.55	12.55
2.86	8.58	12.58
2.87	8.61	12.61
2.88	8.64	12.64
2.89	8.67	12.67
2.9	8.7	12.7
2.91	8.73	12.73
2.92	8.76	12.76
2.93	8.79	12.79
2.94	8.82	12.82
2.95	8.85	12.85
2.96	8.88	12.88
2.97	8.91	12.91
2.98	8.94	12.94
2.99	8.97	12.97
3	9	13
3.01	9.03	13.03
3.02	9.06	13.06
3.03	9.09	13.09
3.04	9.12	13.12
3.05	9.15	13.15
3.06	9.18	13.18
3.07	9.21	13.21
3.08	9.24	13.24
3.09	9.27	13.27
3.1	9.3	13.3
3.11	9.33	13.33
3.12	9.36	13.36
3.13	9.39	13.39
3.14	9.42	13.42
3.15	9.45	13.45
3.16	9.48	13.48
3.17	9.51	13.51
3.18	9.54	13.54
3.19	9.57	13.57
3.2	9.6	13.6
3.21	9.63	13.63
3.22	9.66	13.66
3.23	9.69	13.69
3.24	9.72	13.72
3.25	9.75	13.75
3.26	9.78	13.78
3.27	9.81	13.81
3.28	9.84	13.84
3.29	9.87	13.87
3.3	9.9	13.9
3.31	9.93	13.93
3.32	9.96	13.96
3.33	9.99	13.99
3.34	10.02	14.02
3.35	10.05	14.05
3.36	10.08	14.08
3.37	10.11	14.11
3.38	10.14	14.14
3.39	10.17	14.17
3.4	10.2	14.2
3.41	10.23	14.23
3.42	10.26	14.26
3.43	10.29	14.29
3.44	10.32	14.32
3.45	10.35	14.35
3.46	10.38	14.38
3.47	10.41	14.41
3.48	10.44	14.44
3.49	10.47	14.47
3.5	10.5	14.5
3.51	10.53	14.53
3.52	10.56	14.56
3.53	10.59	14.59
3.54	10.62	14.62
3.55	10.65	14.65
3.56	10.68	14.68
3.57	10.71	14.71
3.58	10.74	14.74
3.59	10.77	14.77
3.6	10.8	14.8
3.61	10.83	14.83
3.62	10.86	14.86
3.63	10.89	14.89
3.64	10.92	14.92
3.65	10.95	14.95
3.66	10.98	14.98
3.67	11.01	15.01
3.68	11.04	15.04
3.69	11.07	15.07
3.7	11.1	15.1
3.71	11.13	15.13
3.72	11.16	15.16
3.73	11.19	15.19
3.74	11.22	15.22
3.75	11.25	15.25
3.76	11.28	15.28
3.77	11.31	15.31
3.78	11.34	15.34
3.79	11.37	15.37
3.8	11.4	15.4
3.81	11.43	15.43
3.82	11.46	15.46
3.83	11.49	15.49
3.84	11.52	15.52
3.85	11.55	15.55
3.86	11.58	15.58
3.87	11.61	15.61
3.88	11.64	15.64
3.89	11.67	15.67
3.9	11.7	15.7
3.91	11.73	15.73
3.92	11.76	15.76
3.93	11.79	15.79
3.94	11.82	15.82
3.95	11.85	15.85
3.96	11.88	15.88
3.97	11.91	15.91
3.98	11.94	15.94
3.99	11.97	15.97
4	12	16
4.01	12.03	16.03
4.02	12.06	16.06
4.03	12.09	16.09
4.04	12.12	16.12
4.05	12.15	16.15
4.06	12.18	16.18
4.07	12.21	16.21
4.08	12.24	16.24
4.09	12.27	16.27
4.1	12.3	16.3
4.11	12.33	16.33
4.12	12.36	16.36
4.13	12.39	16.39
4.14	12.42	16.42
4.15	12.45	16.45
4.16	12.48	16.48
4.17	12.51	16.51
4.18	12.54	16.54
4.19	12.57	16.57
4.2	12.6	16.6
4.21	12.63	16.63
4.22	12.66	16.66
4.23	12.69	16.69
4.24	12.72	16.72
4.25	12.75	16.75
4.26	12.78	16.78
4.27	12.81	16.81
4.28	12.84	16.84
4.29	12.87	16.87
4.3	12.9	16.9
4.31	12.93	16.93
4.32	12.96	16.96
4.33	12.99	16.99
4.34	13.02	17.02
4.35	13.05	17.05
4.36	13.08	17.08
4.37	13.11	17.11
4.38	13.14	17.14
4.39	13.17	17.17
4.4	13.2	17.2
4.41	13.23	17.23
4.42	13.26	17.26
4.43	13.29	17.29
4.44	13.32	17.32
4.45	13.35	17.35
4.46	13.38	17.38
4.47	13.41	17.41
4.48	13.44	17.44
4.49	13.47	17.47
4.5	13.5	17.5
4.51	13.53	17.53
4.52	13.56	17.56
4.53	13.59	17.59
4.54	13.62	17.62
4.55	13.65	17.65
4.56	13.68	17.68
4.57	13.71	17.71
4.58	13.74	17.74
4.59	13.77	17.77
4.6	13.8	17.8
4.61	13.83	17.83
4.62	13.86	17.86
4.63	13.89	17.89
4.64	13.92	17.92
4.65	13.95	17.95
4.66	13.98	17.98
4.67	14.01	18.01
4.68	14.04	18.04
4.69	14.07	18.07
4.7	14.1	18.1
4.71	14.13	18.13
4.72	14.16	18.16
4.73	14.19	18.19
4.74	14.22	18.22
4.75	14.25	18.25
4.76	14.28	18.28
4.77	14.31	18.31
4.78	14.34	18.34
4.79	14.37	18.37
4.8	14.4	18.4
4.81	14.43	18.43
4.82	14.46	18.46
4.83	14.49	18.49
4.84	14.52	18.52
4.85	14.55	18.55
4.86	14.58	18.58
4.87	14.61	18.61
4.88	14.64	18.64
4.89	14.67	18.67
4.9	14.7	18.7
4.91	14.73	18.73
4.92	14.76	18.76
4.93	14.79	18.79
4.94	14.82	18.82
4.95	14.85	18.85
4.96	14.88	18.88
4.97	14.91	18.91
4.98	14.94	18.94
4.99	14.97	18.97
5	15	19
5.01	15.03	19.03
5.02	15.06	19.06
5.03	15.09	19.09
5.04	15.12	19.12
5.05	15.15	19.15
5.06	15.18	19.18
5.07	15.21	19.21
5.08	15.24	19.24
5.09	15.27	19.27
5.1	15.3	19.3
5.11	15.33	19.33
5.12	15.36	19.36
5.13	15.39	19.39
5.14	15.42	19.42
5.15	15.45	19.45
5.16	15.48	19.48
5.17	15.51	19.51
5.18	15.54	19.54
5.19	15.57	19.57
5.2	15.6	19.6
5.21	15.63	19.63
5.22	15.66	19.66
5.23	15.69	19.69
5.24	15.72	19.72
5.25	15.75	19.75
5.26	15.78	19.78
5.27	15.81	19.81
5.28	15.84	19.84
5.29	15.87	19.87
5.3	15.9	19.9
5.31	15.93	19.93
5.32	15.96	19.96
5.33	15.99	19.99
5.34	16.02	20.02
5.35	16.05	20.05
5.36	16.08	20.08
5.37	16.11	20.11
5.38	16.14	20.14
5.39	16.17	20.17
5.4	16.2	20.2
5.41	16.23	20.23
5.42	16.26	20.26
5.43	16.29	20.29
5.44	16.32	20.32
5.45	16.35	20.35
5.46	16.38	20.38
5.47	16.41	20.41
5.48	16.44	20.44
5.49	16.47	20.47
5.5	16.5	20.5
5.51	16.53	20.53
5.52	16.56	20.56
5.53	16.59	20.59
5.54	16.62	20.62
5.55	16.65	20.65
5.56	16.68	20.68
5.57	16.71	20.71
5.58	16.74	20.74
5.59	16.77	20.77
5.6	16.8	20.8
5.61	16.83	20.83
5.62	16.86	20.86
5.63	16.89	20.89
5.64	16.92	20.92
5.65	16.95	20.95
5.66	16.98	20.98
5.67	17.01	21.01
5.68	17.04	21.04
5.69	17.07	21.07
5.7	17.1	21.1
5.71	17.13	21.13
5.72	17.16	21.16
5.73	17.19	21.19
5.74	17.22	21.22
5.75	17.25	21.25
5.76	17.28	21.28
5.77	17.31	21.31
5.78	17.34	21.34
5.79	17.37	21.37
5.8	17.4	21.4
5.81	17.43	21.43
5.82	17.46	21.46
5.83	17.49	21.49
5.84	17.52	21.52
5.85	17.55	21.55
5.86	17.58	21.58
5.87	17.61	21.61
5.88	17.64	21.64
5.89	17.67	21.67
5.9	17.7	21.7
5.91	17.73	21.73
5.92	17.76	21.76
5.93	17.79	21.79
5.94	17.82	21.82
5.95	17.85	21.85
5.96	17.88	21.88
5.97	17.91	21.91
5.98	17.94	21.94
5.99	17.97	21.97
6	18	22
6.01	18.03	22.03
6.02	18.06	22.06
6.03	18.09	22.09
6.04	18.12	22.12
6.05	18.15	22.15
6.06	18.18	22.18
6.07	18.21	22.21
6.08	18.24	22.24
6.09	18.27	22.27
6.1	18.3	22.3
6.11	18.33	22.33
6.12	18.36	22.36
6.13	18.39	22.39
6.14	18.42	22.42
6.15	18.45	22.45
6.16	18.48	22.48
6.17	18.51	22.51
6.18	18.54	22.54
6.19	18.57	22.57
6.2	18.6	22.6
6.21	18.63	22.63
6.22	18.66	22.66
6.23	18.69	22.69
6.24	18.72	22.72
6.25	18.75	22.75
6.26	18.78	22.78
6.27	18.81	22.81
6.28	18.84	22.84
6.29	18.87	22.87
6.3	18.9	22.9
6.31	18.93	22.93
6.32	18.96	22.96
6.33	18.99	22.99
6.34	19.02	23.02
6.35	19.05	23.05
6.36	19.08	23.08
6.37	19.11	23.11
6.38	19.14	23.14
6.39	19.17	23.17
6.4	19.2	23.2
6.41	19.23	23.23
6.42	19.26	23.26
6.43	19.29	23.29
6.44	19.32	23.32
6.45	19.35	23.35
6.46	19.38	23.38
6.47	19.41	23.41
6.48	19.44	23.44
6.49	19.47	23.47
6.5	19.5	23.5
6.51	19.53	23.53
6.52	19.56	23.56
6.53	19.59	23.59
6.54	19.62	23.62
6.55	19.65	23.65
6.56	19.68	23.68
6.57	19.71	23.71
6.58	19.74	23.74
6.59	19.77	23.77
6.6	19.8	23.8
6.61	19.83	23.83
6.62	19.86	23.86
6.63	19.89	23.89
6.64	19.92	23.92
6.65	19.95	23.95
6.66	19.98	23.98
6.67	20.01	24.01
6.68	20.04	24.04
6.69	20.07	24.07
6.7	20.1	24.1
6.71	20.13	24.13
6.72	20.16	24.16
6.73	20.19	24.19
6.74	20.22	24.22
6.75	20.25	24.25
6.76	20.28	24.28
6.77	20.31	24.31
6.78	20.34	24.34
6.79	20.37	24.37
6.8	20.4	24.4
6.81	20.43	24.43
6.82	20.46	24.46
6.83	20.49	24.49
6.84	20.52	24.52
6.85	20.55	24.55
6.86	20.58	24.58
6.87	20.61	24.61
6.88	20.64	24.64
6.89	20.67	24.67
6.9	20.7	24.7
6.91	20.73	24.73
6.92	20.76	24.76
6.93	20.79	24.79
6.94	20.82	24.82
6.95	20.85	24.85
6.96	20.88	24.88
6.97	20.91	24.91
6.98	20.94	24.94
6.99	20.97	24.97
7	21	25
7.01	21.03	25.03
7.02	21.06	25.06
7.03	21.09	25.09
7.04	21.12	25.12
7.05	21.15	25.15
7.06	21.18	25.18
7.07	21.21	25.21
7.08	21.24	25.24
7.09	21.27	25.27
7.1	21.3	25.3
7.11	21.33	25.33
7.12	21.36	25.36
7.13	21.39	25.39
7.14	21.42	25.42
7.15	21.45	25.45
7.16	21.48	25.48
7.17	21.51	25.51
7.18	21.54	25.54
7.19	21.57	25.57
7.2	21.6	25.6
7.21	21.63	25.63
7.22	21.66	25.66
7.23	21.69	25.69
7.24	21.72	25.72
7.25	21.75	25.75
7.26	21.78	25.78
7.27	21.81	25.81
7.28	21.84	25.84
7.29	21.87	25.87
7.3	21.9	25.9
7.31	21.93	25.93
7.32	21.96	25.96
7.33	21.99	25.99
7.34	22.02	26.02
7.35	22.05	26.05
7.36	22.08	26.08
7.37	22.11	26.11
7.38	22.14	26.14
7.39	22.17	26.17
7.4	22.2	26.2
7.41	22.23	26.23
7.42	22.26	26.26
7.43	22.29	26.29
7.44	22.32	26.32
7.45	22.35	26.35
7.46	22.38	26.38
7.47	22.41	26.41
7.48	22.44	26.44
7.49	22.47	26.47
7.5	22.5	26.5
7.51	22.53	26.53
7.52	22.56	26.56
7.53	22.59	26.59
7.54	22.62	26.62
7.55	22.65	26.65
7.56	22.68	26.68
7.57	22.71	26.71
7.58	22.74	26.74
7.59	22.77	26.77
7.6	22.8	26.8
7.61	22.83	26.83
7.62	22.86	26.86
7.63	22.89	26.89
7.64	22.92	26.92
7.65	22.95	26.95
7.66	22.98	26.98
7.67	23.01	27.01
7.68	23.04	27.04
7.69	23.07	27.07
7.7	23.1	27.1
7.71	23.13	27.13
7.72	23.16	27.16
7.73	23.19	27.19
7.74	23.22	27.22
7.75	23.25	27.25
7.76	23.28	27.28
7.77	23.31	27.31
7.78	23.34	27.34
7.79	23.37	27.37
7.8	23.4	27.4
7.81	23.43	27.43
7.82	23.46	27.46
7.83	23.49	27.49
7.84	23.52	27.52
7.85	23.55	27.55
7.86	23.58	27.58
7.87	23.61	27.61
7.88	23.64	27.64
7.89	23.67	27.67
7.9	23.7	27.7
7.91	23.73	27.73
7.92	23.76	27.76
7.93	23.79	27.79
7.94	23.82	27.82
7.95	23.85	27.85
7.96	23.88	27.88
7.97	23.91	27.91
7.98	23.94	27.94
7.99	23.97	27.97
8	24	28
8.01	24.03	28.03
8.02	24.06	28.06
8.03	24.09	28.09
8.04	24.12	28.12
8.05	24.15	28.15
8.06	24.18	28.18
8.07	24.21	28.21
8.08	24.24	28.24
8.09	24.27	28.27
8.1	24.3	28.3
8.11	24.33	28.33
8.12	24.36	28.36
8.13	24.39	28.39
8.14	24.42	28.42
8.15	24.45	28.45
8.16	24.48	28.48
8.17	24.51	28.51
8.18	24.54	28.54
8.19	24.57	28.57
8.2	24.6	28.6
8.21	24.63	28.63
8.22	24.66	28.66
8.23	24.69	28.69
8.24	24.72	28.72
8.25	24.75	28.75
8.26	24.78	28.78
8.27	24.81	28.81
8.28	24.84	28.84
8.29	24.87	28.87
8.3	24.9	28.9
8.31	24.93	28.93
8.32	24.96	28.96
8.33	24.99	28.99
8.34	25.02	29.02
8.35	25.05	29.05
8.36	25.08	29.08
8.37	25.11	29.11
8.38	25.14	29.14
8.39	25.17	29.17
8.4	25.2	29.2
8.41	25.23	29.23
8.42	25.26	29.26
8.43	25.29	29.29
8.44	25.32	29.32
8.45	25.35	29.35
8.46	25.38	29.38
8.47	25.41	29.41
8.48	25.44	29.44
8.49	25.47	29.47
8.5	25.5	29.5
8.51	25.53	29.53
8.52	25.56	29.56
8.53	25.59	29.59
8.54	25.62	29.62
8.55	25.65	29.65
8.56	25.68	29.68
8.57	25.71	29.71
8.58	25.74	29.74
8.59	25.77	29.77
8.6	25.8	29.8
8.61	25.83	29.83
8.62	25.86	29.86
8.63	25.89	29.89
8.64	25.92	29.92
8.65	25.95	29.95
8.66	25.98	29.98
8.67	26.01	30.01
8.68	26.04	30.04
8.69	26.07	30.07
8.7	26.1	30.1
8.71	26.13	30.13
8.72	26.16	30.16
8.73	26.19	30.19
8.74	26.22	30.22
8.75	26.25	30.25
8.76	26.28	30.28
8.77	26.31	30.31
8.78	26.34	30.34
8.79	26.37	30.37
8.8	26.4	30.4
8.81	26.43	30.43
8.82	26.46	30.46
8.83	26.49	30.49
8.84	26.52	30.52
8.85	26.55	30.55
8.86	26.58	30.58
8.87	26.61	30.61
8.88	26.64	30.64
8.89	26.67	30.67
8.9	26.7	30.7
8.91	26.73	30.73
8.92	26.76	30.76
8.93	26.79	30.79
8.94	26.82	30.82
8.95	26.85	30.85
8.96	26.88	30.88
8.97	26.91	30.91
8.98	26.94	30.94
8.99	26.97	30.97
9	27	31
9.01	27.03	31.03
9.02	27.06	31.06
9.03	27.09	31.09
9.04	27.12	31.12
9.05	27.15	31.15
9.06	27.18	31.18
9.07	27.21	31.21
9.08	27.24	31.24
9.09	27.27	31.27
9.1	27.3	31.3
9.11	27.33	31.33
9.12	27.36	31.36
9.13	27.39	31.39
9.14	27.42	31.42
9.15	27.45	31.45
9.16	27.48	31.48
9.17	27.51	31.51
9.18	27.54	31.54
9.19	27.57	31.57
9.2	27.6	31.6
9.21	27.63	31.63
9.22	27.66	31.66
9.23	27.69	31.69
9.24	27.72	31.72
9.25	27.75	31.75
9.26	27.78	31.78
9.27	27.81	31.81
9.28	27.84	31.84
9.29	27.87	31.87
9.3	27.9	31.9
9.31	27.93	31.93
9.32	27.96	31.96
9.33	27.99	31.99
9.34	28.02	32.02
9.35	28.05	32.05
9.36	28.08	32.08
9.37	28.11	32.11
9.38	28.14	32.14
9.39	28.17	32.17
9.4	28.2	32.2
9.41	28.23	32.23
9.42	28.26	32.26
9.43	28.29	32.29
9.44	28.32	32.32
9.45	28.35	32.35
9.46	28.38	32.38
9.47	28.41	32.41
9.48	28.44	32.44
9.49	28.47	32.47
9.5	28.5	32.5
9.51	28.53	32.53
9.52	28.56	32.56
9.53	28.59	32.59
9.54	28.62	32.62
9.55	28.65	32.65
9.56	28.68	32.68
9.57	28.71	32.71
9.58	28.74	32.74
9.59	28.77	32.77
9.6	28.8	32.8
9.61	28.83	32.83
9.62	28.86	32.86
9.63	28.89	32.89
9.64	28.92	32.92
9.65	28.95	32.95
9.66	28.98	32.98
9.67	29.01	33.01
9.68	29.04	33.04
9.69	29.07	33.07
9.7	29.1	33.1
9.71	29.13	33.13
9.72	29.16	33.16
9.73	29.19	33.19
9.74	29.22	33.22
9.75	29.25	33.25
9.76	29.28	33.28
9.77	29.31	33.31
9.78	29.34	33.34
9.79	29.37	33.37
9.8	29.4	33.4
9.81	29.43	33.43
9.82	29.46	33.46
9.83	29.49	33.49
9.84	29.52	33.52
9.85	29.55	33.55
9.86	29.58	33.58
9.87	29.61	33.61
9.88	29.64	33.64
9.89	29.67	33.67
9.9	29.7	33.7
9.91	29.73	33.73
9.92	29.76	33.76
9.93	29.79	33.79
9.94	29.82	33.82
9.95	29.85	33.85
9.96	29.88	33.88
9.97	29.91	33.91
9.98	29.94	33.94
9.99	29.97	33.97
10	30	34
10.01	30.03	34.03
10.02	30.06	34.06
10.03	30.09	34.09
10.04	30.12	34.12
10.05	30.15	34.15
10.06	30.18	34.18
10.07	30.21	34.21
10.08	30.24	34.24
10.09	30.27	34.27
10.1	30.3	34.3
10.11	30.33	34.33
10.12	30.36	34.36
10.13	30.39	34.39
10.14	30.42	34.42
10.15	30.45	34.45
10.16	30.48	34.48
10.17	30.51	34.51
10.18	30.54	34.54
10.19	30.57	34.57
10.2	30.6	34.6
10.21	30.63	34.63
10.22	30.66	34.66
10.23	30.69	34.69
10.24	30.72	34.72
10.25	30.75	34.75
10.26	30.78	34.78
10.27	30.81	34.81
10.28	30.84	34.84
10.29	30.87	34.87
10.3	30.9	34.9
10.31	30.93	34.93
10.32	30.96	34.96
10.33	30.99	34.99
10.34	31.02	35.02
10.35	31.05	35.05
10.36	31.08	35.08
10.37	31.11	35.11
10.38	31.14	35.14
10.39	31.17	35.17
10.4	31.2	35.2
10.41	31.23	35.23
10.42	31.26	35.26
10.43	31.29	35.29
10.44	31.32	35.32
10.45	31.35	35.35
10.46	31.38	35.38
10.47	31.41	35.41
10.48	31.44	35.44
10.49	31.47	35.47
10.5	31.5	35.5
10.51	31.53	35.53
10.52	31.56	35.56
10.53	31.59	35.59
10.54	31.62	35.62
10.55	31.65	35.65
10.56	31.68	35.68
10.57	31.71	35.71
10.58	31.74	35.74
10.59	31.77	35.77
10.6	31.8	35.8
10.61	31.83	35.83
10.62	31.86	35.86
10.63	31.89	35.89
10.64	31.92	35.92
10.65	31.95	35.95
10.66	31.98	35.98
10.67	32.01	36.01
10.68	32.04	36.04
10.69	32.07	36.07
10.7	32.1	36.1
10.71	32.13	36.13
10.72	32.16	36.16
10.73	32.19	36.19
10.74	32.22	36.22
10.75	32.25	36.25
10.76	32.28	36.28
10.77	32.31	36.31
10.78	32.34	36.34
10.79	32.37	36.37
10.8	32.4	36.4
10.81	32.43	36.43
10.82	32.46	36.46
10.83	32.49	36.49
10.84	32.52	36.52
10.85	32.55	36.55
10.86	32.58	36.58
10.87	32.61	36.61
10.88	32.64	36.64
10.89	32.67	36.67
10.9	32.7	36.7
10.91	32.73	36.73
10.92	32.76	36.76
10.93	32.79	36.79
10.94	32.82	36.82
10.95	32.85	36.85
10.96	32.88	36.88
10.97	32.91	36.91
10.98	32.94	36.94
10.99	32.97	36.97
11	33	37
11.01	33.03	37.03
11.02	33.06	37.06
11.03	33.09	37.09
11.04	33.12	37.12
11.05	33.15	37.15
11.06	33.18	37.18
11.07	33.21	37.21
11.08	33.24	37.24
11.09	33.27	37.27
11.1	33.3	37.3
11.11	33.33	37.33
11.12	33.36	37.36
11.13	33.39	37.39
11.14	33.42	37.42
11.15	33.45	37.45
11.16	33.48	37.48
11.17	33.51	37.51
11.18	33.54	37.54
11.19	33.57	37.57
11.2	33.6	37.6
11.21	33.63	37.63
11.22	33.66	37.66
11.23	33.69	37.69
11.24	33.72	37.72
11.25	33.75	37.75
11.26	33.78	37.78
11.27	33.81	37.81
11.28	33.84	37.84
11.29	33.87	37.87
11.3	33.9	37.9
11.31	33.93	37.93
11.32	33.96	37.96
11.33	33.99	37.99
11.34	34.02	38.02
11.35	34.05	38.05
11.36	34.08	38.08
11.37	34.11	38.11
11.38	34.14	38.14
11.39	34.17	38.17
11.4	34.2	38.2
11.41	34.23	38.23
11.42	34.26	38.26
11.43	34.29	38.29
11.44	34.32	38.32
11.45	34.35	38.35
11.46	34.38	38.38
11.47	34.41	38.41
11.48	34.44	38.44
11.49	34.47	38.47
11.5	34.5	38.5
11.51	34.53	38.53
11.52	34.56	38.56
11.53	34.59	38.59
11.54	34.62	38.62
11.55	34.65	38.65
11.56	34.68	38.68
11.57	34.71	38.71
11.58	34.74	38.74
11.59	34.77	38.77
11.6	34.8	38.8
11.61	34.83	38.83
11.62	34.86	38.86
11.63	34.89	38.89
11.64	34.92	38.92
11.65	34.95	38.95
11.66	34.98	38.98
11.67	35.01	39.01
11.68	35.04	39.04
11.69	35.07	39.07
11.7	35.1	39.1
11.71	35.13	39.13
11.72	35.16	39.16
11.73	35.19	39.19
11.74	35.22	39.22
11.75	35.25	39.25
11.76	35.28	39.28
11.77	35.31	39.31
11.78	35.34	39.34
11.79	35.37	39.37
11.8	35.4	39.4
11.81	35.43	39.43
11.82	35.46	39.46
11.83	35.49	39.49
11.84	35.52	39.52
11.85	35.55	39.55
11.86	35.58	39.58
11.87	35.61	39.61
11.88	35.64	39.64
11.89	35.67	39.67
11.9	35.7	39.7
11.91	35.73	39.73
11.92	35.76	39.76
11.93	35.79	39.79
11.94	35.82	39.82
11.95	35.85	39.85
11.96	35.88	39.88
11.97	35.91	39.91
11.98	35.94	39.94
11.99	35.97	39.97
12	36	40
12.01	36.03	40.03
12.02	36.06	40.06
12.03	36.09	40.09
12.04	36.12	40.12
12.05	36.15	40.15
12.06	36.18	40.18
12.07	36.21	40.21
12.08	36.24	40.24
12.09	36.27	40.27
12.1	36.3	40.3
12.11	36.33	40.33
12.12	36.36	40.36
12.13	36.39	40.39
12.14	36.42	40.42
12.15	36.45	40.45
12.16	36.48	40.48
12.17	36.51	40.51
12.18	36.54	40.54
12.19	36.57	40.57
12.2	36.6	40.6
12.21	36.63	40.63
12.22	36.66	40.66
12.23	36.69	40.69
12.24	36.72	40.72
12.25	36.75	40.75
12.26	36.78	40.78
12.27	36.81	40.81
12.28	36.84	40.84
12.29	36.87	40.87
12.3	36.9	40.9
12.31	36.93	40.93
12.32	36.96	40.96
12.33	36.99	40.99
12.34	37.02	41.02
12.35	37.05	41.05
12.36	37.08	41.08
12.37	37.11	41.11
12.38	37.14	41.14
12.39	37.17	41.17
12.4	37.2	41.2
12.41	37.23	41.23
12.42	37.26	41.26
12.43	37.29	41.29
12.44	37.32	41.32
12.45	37.35	41.35
12.46	37.38	41.38
12.47	37.41	41.41
12.48	37.44	41.44
12.49	37.47	41.47
12.5	37.5	41.5
12.51	37.53	41.53
12.52	37.56	41.56
12.53	37.59	41.59
12.54	37.62	41.62
12.55	37.65	41.65
12.56	37.68	41.68
12.57	37.71	41.71
12.58	37.74	41.74
12.59	37.77	41.77
12.6	37.8	41.8
12.61	37.83	41.83
12.62	37.86	41.86
12.63	37.89	41.89
12.64	37.92	41.92
12.65	37.95	41.95
12.66	37.98	41.98
12.67	38.01	42.01
12.68	38.04	42.04
12.69	38.07	42.07
12.7	38.1	42.1
12.71	38.13	42.13
12.72	38.16	42.16
12.73	38.19	42.19
12.74	38.22	42.22
12.75	38.25	42.25
12.76	38.28	42.28
12.77	38.31	42.31
12.78	38.34	42.34
12.79	38.37	42.37
12.8	38.4	42.4
12.81	38.43	42.43
12.82	38.46	42.46
12.83	38.49	42.49
12.84	38.52	42.52
12.85	38.55	42.55
12.86	38.58	42.58
12.87	38.61	42.61
12.88	38.64	42.64
12.89	38.67	42.67
12.9	38.7	42.7
12.91	38.73	42.73
12.92	38.76	42.76
12.93	38.79	42.79
12.94	38.82	42.82
12.95	38.85	42.85
12.96	38.88	42.88
12.97	38.91	42.91
12.98	38.94	42.94
12.99	38.97	42.97
13	39	43
13.01	39.03	43.03
13.02	39.06	43.06
13.03	39.09	43.09
13.04	39.12	43.12
13.05	39.15	43.15
13.06	39.18	43.18
13.07	39.21	43.21
13.08	39.24	43.24
13.09	39.27	43.27
13.1	39.3	43.3
13.11	39.33	43.33
13.12	39.36	43.36
13.13	39.39	43.39
13.14	39.42	43.42
13.15	39.45	43.45
13.16	39.48	43.48
13.17	39.51	43.51
13.18	39.54	43.54
13.19	39.57	43.57
13.2	39.6	43.6
13.21	39.63	43.63
13.22	39.66	43.66
13.23	39.69	43.69
13.24	39.72	43.72
13.25	39.75	43.75
13.26	39.78	43.78
13.27	39.81	43.81
13.28	39.84	43.84
13.29	39.87	43.87
13.3	39.9	43.9
13.31	39.93	43.93
13.32	39.96	43.96
13.33	39.99	43.99
13.34	40.02	44.02
13.35	40.05	44.05
13.36	40.08	44.08
13.37	40.11	44.11
13.38	40.14	44.14
13.39	40.17	44.17
13.4	40.2	44.2
13.41	40.23	44.23
13.42	40.26	44.26
13.43	40.29	44.29
13.44	40.32	44.32
13.45	40.35	44.35
13.46	40.38	44.38
13.47	40.41	44.41
13.48	40.44	44.44
13.49	40.47	44.47
13.5	40.5	44.5
13.51	40.53	44.53
13.52	40.56	44.56
13.53	40.59	44.59
13.54	40.62	44.62
13.55	40.65	44.65
13.56	40.68	44.68
13.57	40.71	44.71
13.58	40.74	44.74
13.59	40.77	44.77
13.6	40.8	44.8
13.61	40.83	44.83
13.62	40.86	44.86
13.63	40.89	44.89
13.64	40.92	44.92
13.65	40.95	44.95
13.66	40.98	44.98
13.67	41.01	45.01
13.68	41.04	45.04
13.69	41.07	45.07
13.7	41.1	45.1
13.71	41.13	45.13
13.72	41.16	45.16
13.73	41.19	45.19
13.74	41.22	45.22
13.75	41.25	45.25
13.76	41.28	45.28
13.77	41.31	45.31
13.78	41.34	45.34
13.79	41.37	45.37
13.8	41.4	45.4
13.81	41.43	45.43
13.82	41.46	45.46
13.83	41.49	45.49
13.84	41.52	45.52
13.85	41.55	45.55
13.86	41.58	45.58
13.87	41.61	45.61
13.88	41.64	45.64
13.89	41.67	45.67
13.9	41.7	45.7
13.91	41.73	45.73
13.92	41.76	45.76
13.93	41.79	45.79
13.94	41.82	45.82
13.95	41.85	45.85
13.96	41.88	45.88
13.97	41.91	45.91
13.98	41.94	45.94
13.99	41.97	45.97
14	42	46
14.01	42.03	46.03
14.02	42.06	46.06
14.03	42.09	46.09
14.04	42.12	46.12
14.05	42.15	46.15
14.06	42.18	46.18
14.07	42.21	46.21
14.08	42.24	46.24
14.09	42.27	46.27
14.1	42.3	46.3
14.11	42.33	46.33
14.12	42.36	46.36
14.13	42.39	46.39
14.14	42.42	46.42
14.15	42.45	46.45
14.16	42.48	46.48
14.17	42.51	46.51
14.18	42.54	46.54
14.19	42.57	46.57
14.2	42.6	46.6
14.21	42.63	46.63
14.22	42.66	46.66
14.23	42.69	46.69
14.24	42.72	46.72
14.25	42.75	46.75
14.26	42.78	46.78
14.27	42.81	46.81
14.28	42.84	46.84
14.29	42.87	46.87
14.3	42.9	46.9
14.31	42.93	46.93
14.32	42.96	46.96
14.33	42.99	46.99
14.34	43.02	47.02
14.35	43.05	47.05
14.36	43.08	47.08
14.37	43.11	47.11
14.38	43.14	47.14
14.39	43.17	47.17
14.4	43.2	47.2
14.41	43.23	47.23
14.42	43.26	47.26
14.43	43.29	47.29
14.44	43.32	47.32
14.45	43.35	47.35
14.46	43.38	47.38
14.47	43.41	47.41
14.48	43.44	47.44
14.49	43.47	47.47
14.5	43.5	47.5
14.51	43.53	47.53
14.52	43.56	47.56
14.53	43.59	47.59
14.54	43.62	47.62
14.55	43.65	47.65
14.56	43.68	47.68
14.57	43.71	47.71
14.58	43.74	47.74
14.59	43.77	47.77
14.6	43.8	47.8
14.61	43.83	47.83
14.62	43.86	47.86
14.63	43.89	47.89
14.64	43.92	47.92
14.65	43.95	47.95
14.66	43.98	47.98
14.67	44.01	48.01
14.68	44.04	48.04
14.69	44.07	48.07
14.7	44.1	48.1
14.71	44.13	48.13
14.72	44.16	48.16
14.73	44.19	48.19
14.74	44.22	48.22
14.75	44.25	48.25
14.76	44.28	48.28
14.77	44.31	48.31
14.78	44.34	48.34
14.79	44.37	48.37
14.8	44.4	48.4
14.81	44.43	48.43
14.82	44.46	48.46
14.83	44.49	48.49
14.84	44.52	48.52
14.85	44.55	48.55
14.86	44.58	48.58
14.87	44.61	48.61
14.88	44.64	48.64
14.89	44.67	48.67
14.9	44.7	48.7
14.91	44.73	48.73
14.92	44.76	48.76
14.93	44.79	48.79
14.94	44.82	48.82
14.95	44.85	48.85
14.96	44.88	48.88
14.97	44.91	48.91
14.98	44.94	48.94
14.99	44.97	48.97
15	45	49
15.01	45.03	49.03
15.02	45.06	49.06
15.03	45.09	49.09
15.04	45.12	49.12
15.05	45.15	49.15
15.06	45.18	49.18
15.07	45.21	49.21
15.08	45.24	49.24
15.09	45.27	49.27
15.1	45.3	49.3
15.11	45.33	49.33
15.12	45.36	49.36
15.13	45.39	49.39
15.14	45.42	49.42
15.15	45.45	49.45
15.16	45.48	49.48
15.17	45.51	49.51
15.18	45.54	49.54
15.19	45.57	49.57
15.2	45.6	49.6
15.21	45.63	49.63
15.22	45.66	49.66
15.23	45.69	49.69
15.24	45.72	49.72
15.25	45.75	49.75
15.26	45.78	49.78
15.27	45.81	49.81
15.28	45.84	49.84
15.29	45.87	49.87
15.3	45.9	49.9
15.31	45.93	49.93
15.32	45.96	49.96
15.33	45.99	49.99
15.34	46.02	50.02
15.35	46.05	50.05
15.36	46.08	50.08
15.37	46.11	50.11
15.38	46.14	50.14
15.39	46.17	50.17
15.4	46.2	50.2
15.41	46.23	50.23
15.42	46.26	50.26
15.43	46.29	50.29
15.44	46.32	50.32
15.45	46.35	50.35
15.46	46.38	50.38
15.47	46.41	50.41
15.48	46.44	50.44
15.49	46.47	50.47
15.5	46.5	50.5
15.51	46.53	50.53
15.52	46.56	50.56
15.53	46.59	50.59
15.54	46.62	50.62
15.55	46.65	50.65
15.56	46.68	50.68
15.57	46.71	50.71
15.58	46.74	50.74
15.59	46.77	50.77
15.6	46.8	50.8
15.61	46.83	50.83
15.62	46.86	50.86
15.63	46.89	50.89
15.64	46.92	50.92
15.65	46.95	50.95
15.66	46.98	50.98
15.67	47.01	51.01
15.68	47.04	51.04
15.69	47.07	51.07
15.7	47.1	51.1
15.71	47.13	51.13
15.72	47.16	51.16
15.73	47.19	51.19
15.74	47.22	51.22
15.75	47.25	51.25
15.76	47.28	51.28
15.77	47.31	51.31
15.78	47.34	51.34
15.79	47.37	51.37
15.8	47.4	51.4
15.81	47.43	51.43
15.82	47.46	51.46
15.83	47.49	51.49
15.84	47.52	51.52
15.85	47.55	51.55
15.86	47.58	51.58
15.87	47.61	51.61
15.88	47.64	51.64
15.89	47.67	51.67
15.9	47.7	51.7
15.91	47.73	51.73
15.92	47.76	51.76
15.93	47.79	51.79
15.94	47.82	51.82
15.95	47.85	51.85
15.96	47.88	51.88
15.97	47.91	51.91
15.98	47.94	51.94
15.99	47.97	51.97
16	48	52
16.01	48.03	52.03
16.02	48.06	52.06
16.03	48.09	52.09
16.04	48.12	52.12
16.05	48.15	52.15
16.06	48.18	52.18
16.07	48.21	52.21
16.08	48.24	52.24
16.09	48.27	52.27
16.1	48.3	52.3
16.11	48.33	52.33
16.12	48.36	52.36
16.13	48.39	52.39
16.14	48.42	52.42
16.15	48.45	52.45
16.16	48.48	52.48
16.17	48.51	52.51
16.18	48.54	52.54
16.19	48.57	52.57
16.2	48.6	52.6
16.21	48.63	52.63
16.22	48.66	52.66
16.23	48.69	52.69
16.24	48.72	52.72
16.25	48.75	52.75
16.26	48.78	52.78
16.27	48.81	52.81
16.28	48.84	52.84
16.29	48.87	52.87
16.3	48.9	52.9
16.31	48.93	52.93
16.32	48.96	52.96
16.33	48.99	52.99
16.34	49.02	53.02
16.35	49.05	53.05
16.36	49.08	53.08
16.37	49.11	53.11
16.38	49.14	53.14
16.39	49.17	53.17
16.4	49.2	53.2
16.41	49.23	53.23
16.42	49.26	53.26
16.43	49.29	53.29
16.44	49.32	53.32
16.45	49.35	53.35
16.46	49.38	53.38
16.47	49.41	53.41
16.48	49.44	53.44
16.49	49.47	53.47
16.5	49.5	53.5
16.51	49.53	53.53
16.52	49.56	53.56
16.53	49.59	53.59
16.54	49.62	53.62
16.55	49.65	53.65
16.56	49.68	53.68
16.57	49.71	53.71
16.58	49.74	53.74
16.59	49.77	53.77
16.6	49.8	53.8
16.61	49.83	53.83
16.62	49.86	53.86
16.63	49.89	53.89
16.64	49.92	53.92
16.65	49.95	53.95
16.66	49.98	53.98
16.67	50.01	54.01
16.68	50.04	54.04
16.69	50.07	54.07
16.7	50.1	54.1
16.71	50.13	54.13
16.72	50.16	54.16
16.73	50.19	54.19
16.74	50.22	54.22
16.75	50.25	54.25
16.76	50.28	54.28
16.77	50.31	54.31
16.78	50.34	54.34
16.79	50.37	54.37
16.8	50.4	54.4
16.81	50.43	54.43
16.82	50.46	54.46
16.83	50.49	54.49
16.84	50.52	54.52
16.85	50.55	54.55
16.86	50.58	54.58
16.87	50.61	54.61
16.88	50.64	54.64
16.89	50.67	54.67
16.9	50.7	54.7
16.91	50.73	54.73
16.92	50.76	54.76
16.93	50.79	54.79
16.94	50.82	54.82
16.95	50.85	54.85
16.96	50.88	54.88
16.97	50.91	54.91
16.98	50.94	54.94
16.99	50.97	54.97
17	51	55
17.01	51.03	55.03
17.02	51.06	55.06
17.03	51.09	55.09
17.04	51.12	55.12
17.05	51.15	55.15
17.06	51.18	55.18
17.07	51.21	55.21
17.08	51.24	55.24
17.09	51.27	55.27
17.1	51.3	55.3
17.11	51.33	55.33
17.12	51.36	55.36
17.13	51.39	55.39
17.14	51.42	55.42
17.15	51.45	55.45
17.16	51.48	55.48
17.17	51.51	55.51
17.18	51.54	55.54
17.19	51.57	55.57
17.2	51.6	55.6
17.21	51.63	55.63
17.22	51.66	55.66
17.23	51.69	55.69
17.24	51.72	55.72
17.25	51.75	55.75
17.26	51.78	55.78
17.27	51.81	55.81
17.28	51.84	55.84
17.29	51.87	55.87
17.3	51.9	55.9
17.31	51.93	55.93
17.32	51.96	55.96
17.33	51.99	55.99
17.34	52.02	56.02
17.35	52.05	56.05
17.36	52.08	56.08
17.37	52.11	56.11
17.38	52.14	56.14
17.39	52.17	56.17
17.4	52.2	56.2
17.41	52.23	56.23
17.42	52.26	56.26
17.43	52.29	56.29
17.44	52.32	56.32
17.45	52.35	56.35
17.46	52.38	56.38
17.47	52.41	56.41
17.48	52.44	56.44
17.49	52.47	56.47
17.5	52.5	56.5
17.51	52.53	56.53
17.52	52.56	56.56
17.53	52.59	56.59
17.54	52.62	56.62
17.55	52.65	56.65
17.56	52.68	56.68
17.57	52.71	56.71
17.58	52.74	56.74
17.59	52.77	56.77
17.6	52.8	56.8
17.61	52.83	56.83
17.62	52.86	56.86
17.63	52.89	56.89
17.64	52.92	56.92
17.65	52.95	56.95
17.66	52.98	56.98
17.67	53.01	57.01
17.68	53.04	57.04
17.69	53.07	57.07
17.7	53.1	57.1
17.71	53.13	57.13
17.72	53.16	57.16
17.73	53.19	57.19
17.74	53.22	57.22
17.75	53.25	57.25
17.76	53.28	57.28
17.77	53.31	57.31
17.78	53.34	57.34
17.79	53.37	57.37
17.8	53.4	57.4
17.81	53.43	57.43
17.82	53.46	57.46
17.83	53.49	57.49
17.84	53.52	57.52
17.85	53.55	57.55
17.86	53.58	57.58
17.87	53.61	57.61
17.88	53.64	57.64
17.89	53.67	57.67
17.9	53.7	57.7
17.91	53.73	57.73
17.92	53.76	57.76
17.93	53.79	57.79
17.94	53.82	57.82
17.95	53.85	57.85
17.96	53.88	57.88
17.97	53.91	57.91
17.98	53.94	57.94
17.99	53.97	57.97
18	54	58
18.01	54.03	58.03
18.02	54.06	58.06
18.03	54.09	58.09
18.04	54.12	58.12
18.05	54.15	58.15
18.06	54.18	58.18
18.07	54.21	58.21
18.08	54.24	58.24
18.09	54.27	58.27
18.1	54.3	58.3
18.11	54.33	58.33
18.12	54.36	58.36
18.13	54.39	58.39
18.14	54.42	58.42
18.15	54.45	58.45
18.16	54.48	58.48
18.17	54.51	58.51
18.18	54.54	58.54
18.19	54.57	58.57
18.2	54.6	58.6
18.21	54.63	58.63
18.22	54.66	58.66
18.23	54.69	58.69
18.24	54.72	58.72
18.25	54.75	58.75
18.26	54.78	58.78
18.27	54.81	58.81
18.28	54.84	58.84
18.29	54.87	58.87
18.3	54.9	58.9
18.31	54.93	58.93
18.32	54.96	58.96
18.33	54.99	58.99
18.34	55.02	59.02
18.35	55.05	59.05
18.36	55.08	59.08
18.37	55.11	59.11
18.38	55.14	59.14
18.39	55.17	59.17
18.4	55.2	59.2
18.41	55.23	59.23
18.42	55.26	59.26
18.43	55.29	59.29
18.44	55.32	59.32
18.45	55.35	59.35
18.46	55.38	59.38
18.47	55.41	59.41
18.48	55.44	59.44
18.49	55.47	59.47
18.5	55.5	59.5
18.51	55.53	59.53
18.52	55.56	59.56
18.53	55.59	59.59
18.54	55.62	59.62
18.55	55.65	59.65
18.56	55.68	59.68
18.57	55.71	59.71
18.58	55.74	59.74
18.59	55.77	59.77
18.6	55.8	59.8
18.61	55.83	59.83
18.62	55.86	59.86
18.63	55.89	59.89
18.64	55.92	59.92
18.65	55.95	59.95
18.66	55.98	59.98
18.67	56.01	60.01
18.68	56.04	60.04
18.69	56.07	60.07
18.7	56.1	60.1
18.71	56.13	60.13
18.72	56.16	60.16
18.73	56.19	60.19
18.74	56.22	60.22
18.75	56.25	60.25
18.76	56.28	60.28
18.77	56.31	60.31
18.78	56.34	60.34
18.79	56.37	60.37
18.8	56.4	60.4
18.81	56.43	60.43
18.82	56.46	60.46
18.83	56.49	60.49
18.84	56.52	60.52
18.85	56.55	60.55
18.86	56.58	60.58
18.87	56.61	60.61
18.88	56.64	60.64
18.89	56.67	60.67
18.9	56.7	60.7
18.91	56.73	60.73
18.92	56.76	60.76
18.93	56.79	60.79
18.94	56.82	60.82
18.95	56.85	60.85
18.96	56.88	60.88
18.97	56.91	60.91
18.98	56.94	60.94
18.99	56.97	60.97
19	57	61
19.01	57.03	61.03
19.02	57.06	61.06
19.03	57.09	61.09
19.04	57.12	61.12
19.05	57.15	61.15
19.06	57.18	61.18
19.07	57.21	61.21
19.08	57.24	61.24
19.09	57.27	61.27
19.1	57.3	61.3
19.11	57.33	61.33
19.12	57.36	61.36
19.13	57.39	61.39
19.14	57.42	61.42
19.15	57.45	61.45
19.16	57.48	61.48
19.17	57.51	61.51
19.18	57.54	61.54
19.19	57.57	61.57
19.2	57.6	61.6
19.21	57.63	61.63
19.22	57.66	61.66
19.23	57.69	61.69
19.24	57.72	61.72
19.25	57.75	61.75
19.26	57.78	61.78
19.27	57.81	61.81
19.28	57.84	61.84
19.29	57.87	61.87
19.3	57.9	61.9
19.31	57.93	61.93
19.32	57.96	61.96
19.33	57.99	61.99
19.34	58.02	62.02
19.35	58.05	62.05
19.36	58.08	62.08
19.37	58.11	62.11
19.38	58.14	62.14
19.39	58.17	62.17
19.4	58.2	62.2
19.41	58.23	62.23
19.42	58.26	62.26
19.43	58.29	62.29
19.44	58.32	62.32
19.45	58.35	62.35
19.46	58.38	62.38
19.47	58.41	62.41
19.48	58.44	62.44
19.49	58.47	62.47
19.5	58.5	62.5
19.51	58.53	62.53
19.52	58.56	62.56
19.53	58.59	62.59
19.54	58.62	62.62
19.55	58.65	62.65
19.56	58.68	62.68
19.57	58.71	62.71
19.58	58.74	62.74
19.59	58.77	62.77
19.6	58.8	62.8
19.61	58.83	62.83
19.62	58.86	62.86
19.63	58.89	62.89
19.64	58.92	62.92
19.65	58.95	62.95
19.66	58.98	62.98
19.67	59.01	63.01
19.68	59.04	63.04
19.69	59.07	63.07
19.7	59.1	63.1
19.71	59.13	63.13
19.72	59.16	63.16
19.73	59.19	63.19
19.74	59.22	63.22
19.75	59.25	63.25
19.76	59.28	63.28
19.77	59.31	63.31
19.78	59.34	63.34
19.79	59.37	63.37
19.8	59.4	63.4
19.81	59.43	63.43
19.82	59.46	63.46
19.83	59.49	63.49
19.84	59.52	63.52
19.85	59.55	63.55
19.86	59.58	63.58
19.87	59.61	63.61
19.88	59.64	63.64
19.89	59.67	63.67
19.9	59.7	63.7
19.91	59.73	63.73
19.92	59.76	63.76
19.93	59.79	63.79
19.94	59.82	63.82
19.95	59.85	63.85
19.96	59.88	63.88
19.97	59.91	63.91
19.98	59.94	63.94
19.99	59.97	63.97
